100
41 67 34 0 69 
60
180
4 3
18 2
44 0
5 1
27 1
11 0
2 2
36 1
24 2
33 2
22 1
56 3
35 2
6 1
18 4
52 2
19 0
54 3
51 2
33 3
44 1
31 3
28 2
44 2
57 2
19 3
21 4
58 1
35 0
42 3
46 0
2 4
28 1
45 0
9 0
50 1
21 3
8 4
23 4
34 1
20 1
56 1
28 4
39 1
43 2
58 3
42 4
41 3
35 4
18 4
30 2
26 3
6 1
5 4
52 0
9 2
33 2
12 1
30 1
36 0
47 0
34 1
52 0
10 1
4 1
10 2
11 2
57 2
47 3
3 0
29 4
38 1
48 2
46 1
10 3
8 0
11 2
35 0
59 4
17 3
3 0
21 2
50 1
56 4
40 1
21 3
39 3
4 1
54 3
19 3
38 0
8 2
47 3
13 3
43 2
21 0
17 3
34 4
56 0
51 0
29 4
56 3
3 4
28 4
29 4
2 0
25 3
3 3
27 4
23 3
0 3
18 0
56 3
41 4
38 4
37 2
42 3
52 3
59 0
17 3
11 0
28 1
51 2
54 2
15 3
26 2
26 0
53 4
42 4
36 1
18 2
51 1
59 2
36 2
29 0
32 0
50 3
49 1
48 1
9 0
43 2
25 2
25 3
46 2
57 2
32 4
54 1
29 1
9 3
12 0
55 4
49 1
32 0
0 3
33 4
3 4
16 2
49 4
37 1
49 3
35 2
16 1
25 3
22 0
54 4
1 1
31 1
23 3
55 0
13 2
8 2
5 3
36 1
58 1
22 1
4 1
2 4
1 0
50 3
26 4
8
20
100
0 59 92 1 0 0 
0 54 110 1 0 0 
0 33 74 0 1 0 
0 7 105 1 0 0 
0 25 77 0 1 0 
0 54 74 1 1 0 
0 50 87 0 1 1 
0 13 70 0 0 1 
0 5 102 1 0 1 
0 2 99 0 1 1 
0 4 23 0 1 1 
0 43 32 0 1 1 
0 11 92 0 1 0 
0 44 100 0 1 1 
0 14 70 1 0 1 
0 31 160 1 0 1 
0 10 140 0 0 1 
0 59 125 0 1 0 
0 22 171 1 0 1 
0 31 84 1 1 0 
0 40 87 0 0 1 
1 10 115 0 1 1 
0 24 109 1 0 1 
1 57 74 0 1 1 
0 43 120 1 1 0 
0 17 61 0 1 0 
0 22 116 1 0 1 
1 51 147 1 0 0 
0 8 163 0 1 0 
1 0 113 1 0 1 
1 17 0 1 1 0 
0 37 124 1 1 0 
1 1 50 1 0 1 
0 25 140 1 1 0 
0 12 150 0 1 0 
0 6 157 1 0 1 
1 49 161 1 0 1 
0 57 96 1 0 1 
1 49 165 1 0 0 
1 53 162 0 1 0 
0 37 169 0 1 1 
1 11 35 1 1 0 
0 3 142 0 1 1 
1 39 25 0 1 0 
0 25 183 1 0 1 
1 13 134 0 0 1 
1 36 105 0 1 1 
0 13 41 1 0 0 
0 11 77 0 0 1 
1 36 73 1 1 0 
0 38 10 1 0 0 
1 29 31 0 1 1 
0 57 189 1 1 0 
0 51 140 1 1 0 
1 32 5 0 1 1 
1 15 8 1 1 0 
0 1 27 0 1 1 
0 33 174 0 1 1 
1 53 192 1 0 0 
1 30 28 1 1 0 
0 18 170 0 0 1 
1 41 63 0 1 0 
1 9 40 1 1 0 
1 31 104 0 1 0 
1 55 139 0 1 0 
1 24 48 1 1 0 
1 5 112 0 1 1 
0 59 185 0 1 1 
0 25 108 1 0 1 
1 12 72 0 0 1 
1 21 103 0 0 1 
1 35 165 1 0 1 
0 3 37 0 1 1 
1 28 142 0 1 1 
0 14 88 1 0 1 
1 10 20 0 0 1 
1 35 26 1 1 0 
1 4 148 1 1 0 
0 24 155 1 1 0 
1 15 1 0 1 0 
1 24 142 1 0 0 
0 48 72 1 0 1 
1 4 105 1 1 0 
1 5 36 0 1 0 
0 36 52 1 0 0 
1 15 131 1 1 0 
1 57 186 0 0 1 
0 33 153 1 0 0 
0 33 54 1 0 1 
0 28 124 1 1 0 
0 40 80 0 1 0 
1 41 64 1 1 0 
1 22 161 0 0 1 
1 14 20 1 0 1 
1 38 59 1 0 1 
1 45 181 1 0 1 
1 38 189 0 1 1 
0 21 34 1 1 0 
1 15 69 0 0 1 
0 51 64 1 1 0 
200
0 1277919 80002920 40383906 54167270 4608198 
1 53981791 28689091 10052054 97274401 51666345 
0 63225105 11351576 48117166 12939891 1860192 
1 71864271 23557334 70200389 98637865 36869288 
2 34141965 77608998 16863317 7131776 62974425 
0 165687 15404525 50838906 46700892 17079802 
2 14121980 87823926 94603918 64761520 20815039 
1 57774052 69030121 81582855 4276422 4004966 
1 91081459 38851828 85195526 80361913 67672580 
2 95488044 10506526 61024628 16260419 98634763 
0 77354262 20210696 58425372 56036663 95271991 
0 12131835 29817414 89108518 45432446 87874938 
2 54396757 97791250 32699479 68594358 19695112 
0 63101616 40094010 35417755 99835962 27005248 
1 59029945 92677659 57437606 91586589 43122917 
1 16993400 92698954 8482755 51926873 81046542 
1 71107650 88596337 66127631 87979715 55040731 
0 45336242 23788425 20252261 98067793 433413 
0 21658803 57959933 2423710 93500368 1734910 
0 463610 45787495 7396799 64181017 55638481 
1 78533874 78276456 63606701 99803845 77745666 
0 61489132 96244841 59476214 33322927 37196437 
0 51753149 49372065 62763226 5843249 25099470 
0 53439173 85760495 27391717 62550468 77578206 
0 21519074 68441782 16813643 25741312 74096943 
0 77750378 89406006 51724140 31071036 57767178 
2 14080061 78079475 8408334 71055602 62595828 
2 36111732 87458594 91077720 89343348 28738287 
1 41078830 83050942 89638326 35185676 44965404 
1 69903708 29915511 29074539 18514323 55742119 
2 33832510 42986424 4273031 9103408 77305565 
1 25086173 46556027 93763901 85601116 41234372 
1 2847535 28478207 1056204 25730835 47640233 
1 70906398 88422475 96791269 80018728 38370146 
0 33480366 39991465 99966507 60858961 21223296 
2 96211781 63980089 9468842 46020636 90521806 
0 46612055 8899539 21797911 89215822 46946610 
0 21741702 31760659 47987501 46210743 95002038 
0 93084120 8096465 57778351 74348577 16834649 
2 90972614 18866986 74417359 46718023 28958497 
1 17168715 97157482 13351848 73620928 85134900 
1 62385006 13724770 60163901 34746094 80277160 
2 47628578 33071140 63315224 24892968 13913001 
2 12026879 59051965 55149412 8556851 979610 
1 58963776 1161734 84083511 65252658 47478560 
1 83884931 76206883 62945860 5892700 39122456 
0 20617737 82536289 67024245 86860368 65744109 
2 68126715 7977545 23370068 8841218 49723726 
0 89858967 38140537 10423673 46996336 80290688 
1 68997965 12627978 36946548 91295386 26493515 
0 24578906 42315051 98911708 68025013 24672157 
0 81327716 51035544 70348200 6717678 71583539 
1 74484157 14513886 15813058 54721987 81304393 
2 20345216 49870654 67038987 42228665 35598007 
2 78175411 75530084 18841507 72291789 2716456 
1 36851177 92447672 31295671 91455450 42242579 
0 40525630 69456789 58756060 84974255 13799296 
1 11505539 43262789 60120992 7344108 60407823 
2 45641787 19329482 77892577 894905 64701229 
2 81384686 26683651 93681037 11171095 84039854 
2 18445353 55833986 69958184 83024623 69222674 
1 56127807 43333937 24614065 28505719 74502800 
1 59905695 78496726 13127462 26428908 40787964 
0 71848820 19407469 70067098 16265077 48747568 
2 33536937 5336711 45129716 497583 45539310 
0 38281002 6411530 96977003 93212121 67177099 
0 5896014 22722001 35858295 66779643 74614349 
1 23390793 52966414 95999389 80955531 86875603 
2 70026721 54116928 83167517 40502282 92559461 
2 68181141 10818685 11295674 40115254 41832756 
1 80696822 22576953 32950414 17723332 73241408 
2 99123825 63143666 41443792 73513544 92817110 
0 96093449 49373695 13977830 97424069 96675525 
0 34620211 76258499 81089170 50735112 68338346 
1 68743743 72928341 3183697 52015300 30800278 
1 2005205 27680542 49334870 1691323 70939551 
1 58079432 20054793 43037465 22675018 29854257 
1 48622828 51423445 80567420 27444488 31238472 
1 80681928 53833748 3205009 74162099 83639855 
1 16764971 47600867 54182627 46758944 37322285 
0 5964755 82973456 9472605 66821864 88611780 
1 68645857 84203215 13110117 39322712 20334893 
2 88662368 49974316 93656581 7257186 41808837 
2 81983015 25637992 46356907 54371117 45875649 
2 55671236 63322609 42596568 50733642 41218790 
0 74560704 6102946 93612965 36634354 70976775 
0 7705479 47560048 40439943 7450071 22975977 
1 73660641 99068531 61530765 16170908 36419022 
1 35751997 53468336 12571654 83388727 4485871 
2 14717259 28613119 72241228 19423831 76072741 
0 22736677 69919858 23921550 69158567 39271228 
2 36852103 96252537 69302402 42901241 52077087 
0 74918718 41128113 51840473 91107210 79222012 
1 61205796 17874305 64900018 98367345 87751869 
1 95732619 20292699 6007021 41726101 19625455 
1 84513604 10462951 27895873 72668847 2988360 
0 50511299 88921658 9459474 53855858 12452367 
1 15853532 95909146 48610111 49677514 35096443 
0 32413096 76852489 91645131 43870057 10870654 
1 25069425 3959984 93861685 52648014 26620752 
0 36353699 60056871 41808608 17703403 4734827 
0 20892221 80609985 81515127 48545009 23488332 
1 52530061 76261480 39989476 74853907 88342698 
1 55729916 68770327 45865634 5647136 35351965 
1 63731879 76030701 18251449 97606013 84416815 
0 2357972 17394011 49235019 10199849 37188458 
0 27140389 99021842 79289599 65761282 33436597 
2 70642454 47651263 46979347 14628845 47133216 
1 62593767 8820946 2670454 21002549 50152754 
2 58069187 78901736 95724956 11929941 20461737 
2 64364846 56118315 99008689 96337087 28954339 
0 79599906 65978354 1781768 16377611 63616451 
1 91805547 64064364 4838579 22054883 88255519 
2 90268359 64078063 14961681 99326754 91547393 
1 60224381 87482743 11313233 2701263 85245486 
2 18287834 48266544 32947167 58224555 44538642 
1 89817087 2081368 10107238 54529683 19668946 
1 55036293 21052461 71190300 91465332 84950621 
2 15531632 20134335 41703741 37776073 67823946 
0 44451524 10685433 25261313 27745120 85685798 
1 42178903 84645182 88004031 92566351 38494451 
2 37384731 93066874 15561032 35968788 70372516 
0 9872052 56854628 57830988 56265907 73248217 
0 8939734 52197852 95665742 7741169 31418584 
2 78607204 97723395 69982529 80860436 78982865 
2 9076708 21015805 17308102 56476056 19901447 
0 45192506 43939137 36294292 23317667 3653873 
1 65874278 28689857 86289355 44332386 88591139 
0 41530359 82631757 35187743 64778259 50669955 
2 36049547 47306641 3643449 98134675 16946058 
0 11499381 55516103 80980831 19487123 40126668 
2 61296214 13442420 33936267 61673790 46442458 
2 86913430 82361405 74086617 7652394 2681658 
2 12653397 72906616 76976830 11449343 4804566 
1 98848983 81146196 87382120 61237381 75075535 
0 48849790 16674675 91389917 99296807 63308941 
1 43874459 77615977 66998295 18782371 13460970 
1 90596009 70712128 46668352 57329129 86293311 
0 18007179 58538197 12947291 98546394 55687615 
2 94632538 71532026 38052277 46081697 72384951 
1 50225812 78009626 44235207 70431788 48278810 
0 64315361 65180147 83407611 16180573 32918290 
2 11635061 43422110 91048334 31726829 53756224 
0 45560054 68987982 13253213 93654300 30649898 
1 8003800 47208645 47209075 86042136 70486025 
1 10146134 97438596 70221136 16668305 32594977 
1 89524840 54397830 49141242 12534004 80535951 
2 51964439 80401479 94650717 73346114 27173309 
1 44258662 1884365 62540518 62725334 40409091 
0 1428134 91825014 4702921 58981974 75671442 
1 59544999 9925447 40690045 15355161 91516034 
1 44626604 73927713 23064745 94871168 83054645 
2 15021316 99727991 56731393 82705840 6371843 
2 74995785 9019855 21574253 19214524 81595365 
1 75237792 42568470 63266388 4406997 99806398 
2 49740661 33196933 75051531 75071960 8915057 
2 16840597 77961519 99741656 46152134 44491915 
0 85246294 50872382 79539014 98347269 93889861 
1 89539813 86738815 18767316 17211278 59789368 
1 38346738 82007763 67535824 3584230 57296091 
0 39882684 9560826 30293009 887370 45331393 
2 13972112 13035657 60531249 28167374 70221329 
2 34846572 52374916 84632426 77791345 56101359 
0 37918096 50441908 61955255 65044274 76242444 
2 24764336 17707837 49576062 11943166 14994380 
2 80195253 55246394 41467879 83203194 12151211 
0 34875913 58448887 44944851 27932563 76596200 
1 86000656 34023646 22948120 35834550 3088831 
2 85742431 32123310 62618106 51800557 32053870 
1 50115848 89579659 54375498 77306848 50378113 
1 82535210 76643861 2780829 44753476 77421420 
1 96631609 19306279 79759954 93779888 82702842 
0 55465415 79336600 37160834 1018215 21006307 
2 76314397 10177424 58994930 21781046 51366491 
2 87483858 36416869 9619679 51980212 82817151 
0 18065087 71590861 23669881 42125226 92506745 
0 50547090 65544276 96722582 35747392 66998010 
1 29852134 43994788 52847608 77539389 13553637 
0 67662297 33191376 29259061 51866826 4531361 
2 33082740 61331717 15752509 53887177 46695259 
2 52939762 42770437 79653583 44606026 41644403 
0 47705084 8841239 34178307 968623 40210557 
2 69979236 90311170 96229120 90186817 20781514 
1 94210735 49311172 43931678 64181843 88446481 
0 7670460 12898196 4489666 65139473 18931865 
1 90715952 5711638 25759634 77162215 83419967 
2 28157344 72574209 48830430 59993605 98155168 
0 52441338 50768587 24329679 28488837 17412228 
1 76203209 85350381 51873046 643543 3342881 
2 21688914 4134876 27069321 39085776 99582543 
1 29822404 95412749 4206693 57820366 22651132 
1 86551040 34706422 72304104 95233940 80563846 
2 56836746 70505593 59491809 38652112 17268803 
2 42500162 60117272 26614272 75288850 77546087 
2 50738502 91390649 60873252 64681212 61228958 
2 6711479 76762311 95592657 23886850 91851901 
1 62415850 61619933 15831369 62192288 84423448 
1 16847926 88383647 58870856 85516664 23399330 
1 888669 38608968 75947484 14010803 3305261 
1 37002186 57198382 78491629 79375396 48099915 
117
0 0 0
1 0 1
0 0 2
0 0 3
0 0 4
0 0 5
0 0 6
0 0 7
0 0 8
1 0 9
0 0 10
0 0 11
0 0 12
0 0 13
0 0 14
0 0 15
0 0 16
0 0 17
0 0 18
0 0 19
0 0 20
0 0 21
0 0 22
0 0 23
0 0 24
0 0 25
0 0 26
0 0 27
0 0 28
0 0 29
0 0 30
0 0 31
0 0 32
0 0 33
0 0 34
0 0 35
0 0 36
0 0 37
0 0 38
0 0 39
0 0 40
0 0 41
0 0 42
1 0 43
0 0 44
0 0 45
0 0 46
0 0 47
0 0 48
0 0 49
0 0 50
0 0 51
0 0 52
0 0 53
0 0 54
0 0 55
1 0 56
0 0 57
0 0 58
1 0 59
0 0 60
0 0 61
0 0 62
0 0 63
0 0 64
0 0 65
0 0 66
0 0 67
1 50 51
0 51 52
0 52 53
0 53 54
0 54 55
0 55 56
1 56 57
0 57 58
0 58 59
0 59 60
0 60 61
0 61 62
0 62 63
0 63 64
0 64 65
0 65 66
0 66 67
0 67 68
0 68 69
0 69 70
0 70 71
0 71 72
1 72 73
0 73 74
0 74 75
0 75 76
0 76 77
0 77 78
0 78 79
0 79 80
0 80 81
0 81 82
0 82 83
0 83 84
0 84 85
0 85 86
0 86 87
0 87 88
0 88 89
0 89 90
0 90 91
0 91 92
0 92 93
0 93 94
0 94 95
0 95 96
1 96 97
0 97 98
1 98 99
49
0 69 70 71 72 73 74 75 76 77 78 79 80 81 82 83 84 85 86 87 88 89 90 91 92 93 94 95 96 97 98 99 100 101 102 103 104 105 106 107 108 109 110 111 112 113 114 115 116 