382890
1705 1200 1119 1539 1851
97
258
0 3
1 0
1 1
1 2
1 3
1 4
2 0
2 4
3 2
3 3
3 4
4 0
4 1
4 2
5 1
5 4
6 0
6 1
6 4
7 0
7 2
8 0
8 2
8 3
9 0
9 2
9 3
9 4
10 2
10 3
10 4
11 1
11 3
11 4
12 2
12 3
13 0
13 1
13 2
13 4
14 2
14 4
15 0
15 2
16 1
16 2
17 0
17 1
17 2
17 4
18 0
18 1
18 3
19 0
19 1
19 3
20 0
20 1
20 2
20 4
21 3
21 4
22 0
22 1
22 2
22 3
23 0
23 2
23 3
23 4
24 0
24 1
24 2
24 3
25 2
25 3
25 4
26 0
26 1
26 2
26 3
27 0
27 1
27 3
27 4
28 2
28 3
29 2
29 3
30 2
31 3
31 4
32 0
32 2
33 3
33 4
34 0
34 1
34 2
34 3
35 1
35 4
36 4
37 1
37 3
38 1
38 3
39 0
39 1
39 2
39 3
39 4
40 1
40 2
40 4
41 0
41 3
41 4
42 0
42 2
43 0
43 2
43 3
44 4
45 2
46 0
46 3
46 4
47 3
47 4
48 1
48 3
49 2
49 4
50 2
50 4
51 2
51 4
52 3
53 0
53 1
54 0
54 3
55 2
56 2
56 3
57 2
58 1
59 0
59 3
60 0
60 1
60 2
61 0
61 1
61 3
61 4
62 1
62 3
62 4
63 4
64 2
64 3
64 4
65 0
66 1
66 4
67 4
68 0
68 1
68 2
68 4
69 2
69 3
69 4
70 0
70 1
70 2
70 3
70 4
71 0
71 2
71 3
72 0
72 1
72 4
73 0
73 1
73 2
74 0
74 2
74 3
74 4
75 1
75 4
76 0
76 1
76 2
76 4
77 1
78 0
78 4
79 3
80 1
80 3
81 0
81 1
82 2
83 1
83 3
83 4
84 1
84 3
85 0
85 2
85 4
86 0
86 1
86 2
86 3
86 4
87 0
87 1
87 3
87 4
88 0
88 1
88 3
88 4
89 0
89 1
89 2
89 4
90 0
90 1
90 4
91 0
91 2
91 3
91 4
92 1
92 2
92 3
92 4
93 1
93 2
93 3
94 0
94 1
94 2
94 3
95 0
95 2
95 4
96 0
96 1
96 3
96 4
2
16
100
0 0 6475 1 0 0
0 1 6150 0 1 1
0 2 9697 1 0 1
0 3 7189 0 1 1
0 4 9534 1 0 1
0 5 7528 1 1 0
0 6 7579 0 1 0
0 7 8528 0 1 0
0 8 9669 1 0 0
0 9 8739 1 0 1
0 10 9937 1 0 1
0 11 8657 0 1 0
0 12 6779 1 0 0
0 13 9314 0 1 1
0 14 9715 1 0 0
0 15 9945 0 1 0
0 16 9796 1 0 1
0 17 9173 1 0 1
1 18 9335 1 0 0
0 19 5654 1 0 1
0 20 8426 1 1 0
0 21 5402 1 0 1
1 22 9114 0 0 1
1 23 9574 1 0 0
0 24 7445 0 1 1
0 25 9628 0 1 0
0 40 8695 0 1 0
1 27 8832 0 0 1
1 28 5301 1 1 0
0 29 4301 0 1 0
0 30 8675 1 1 0
0 31 7236 1 0 0
0 32 9167 0 0 1
0 33 3711 0 1 0
0 34 4971 1 1 0
0 35 7637 0 1 1
1 36 9844 1 0 0
0 37 3381 1 1 0
0 38 3933 0 1 1
0 39 5326 0 1 1
0 40 9267 1 0 0
0 41 9841 1 1 0
1 42 9705 1 0 1
0 43 5241 1 0 1
0 44 9570 0 0 1
1 45 9609 0 1 1
0 46 6893 0 0 1
0 47 2819 0 0 1
0 48 9800 0 0 1
1 21 7196 0 1 1
0 50 5294 0 1 1
0 51 6511 1 0 1
0 52 9756 1 0 1
0 53 9452 0 1 1
0 54 9300 0 0 1
0 55 9703 0 1 0
0 56 6311 1 1 0
0 57 9637 1 1 0
0 69 5939 1 0 1
1 59 5519 1 0 0
0 60 9670 0 1 1
0 61 9310 1 0 1
0 62 8347 0 0 1
1 63 9820 1 1 0
0 64 8770 1 1 0
1 57 7149 1 0 1
0 66 6863 1 1 0
0 67 8732 0 1 0
0 68 8763 1 0 1
1 69 9389 0 1 0
0 70 6691 0 1 1
0 71 3018 0 0 1
0 72 9999 0 0 1
0 73 9198 1 0 1
0 74 9654 0 1 0
1 75 9530 0 0 1
0 76 8473 0 0 1
0 77 8553 1 0 1
0 78 8547 0 1 1
0 79 9943 1 1 0
1 80 6824 1 0 0
0 81 7533 1 0 0
0 82 9378 1 0 0
1 83 7140 1 0 0
0 54 7228 1 0 0
1 85 7099 0 1 1
1 86 9628 0 0 1
0 87 2016 0 1 0
0 88 9424 0 0 1
0 89 3107 0 1 1
0 90 9966 1 1 0
0 91 9072 0 1 0
0 92 5758 1 0 1
0 93 9667 1 1 0
0 94 5145 0 1 0
1 95 9631 1 0 1
0 96 8983 0 0 1
1 62 2834 0 1 0
0 8 2633 0 1 0
1 32 9812 1 0 1
905
1 258222349 0 33651413 0 0
1 9813797 0 993024 0 0
2 0 0 0 4643035 5225939
2 0 0 0 5275520 14832
0 10272518 10968405 0 0 0
2 0 0 0 13862763 97835778
0 247509459 59345685 0 0 0
0 16803897 51032638 0 0 0
1 37070506 0 96425 0 0
0 135018423 3652954 0 0 0
2 0 0 0 177328317 53085418
2 0 0 0 28247998 94163352
0 46620453 18314603 0 0 0
1 141508207 0 1687850 0 0
0 23855042 9534748 0 0 0
2 0 0 0 34391445 166395072
2 0 0 0 173342 16845931
2 0 0 0 171084087 10577584
0 361734 67555664 0 0 0
1 60224652 0 94044422 0 0
2 0 0 0 287147058 290863
1 8463604 0 67936137 0 0
0 6546381 45738090 0 0 0
1 7713066 0 178723159 0 0
0 81544328 22971165 0 0 0
1 2175354 0 47678577 0 0
2 0 0 0 7916129 62848720
2 0 0 0 1527484 101484372
1 33219964 0 10151056 0 0
1 54926528 0 23768771 0 0
0 218897670 146555957 0 0 0
1 13257555 0 28624159 0 0
1 134490069 0 181243 0 0
1 12925299 0 93662091 0 0
0 40495586 1935212 0 0 0
1 10751806 0 243239391 0 0
1 10548464 0 9957945 0 0
1 136693648 0 15078105 0 0
1 69334846 0 179829370 0 0
0 6990203 37872458 0 0 0
1 12932776 0 17519908 0 0
0 10160721 32029 0 0 0
0 31644234 34257798 0 0 0
2 0 0 0 79115128 141814427
0 75962247 48118458 0 0 0
0 26589433 4246353 0 0 0
1 14184629 0 47140912 0 0
0 45041889 23304503 0 0 0
1 21108275 0 63846035 0 0
2 0 0 0 8985956 145545700
2 0 0 0 259326630 82420222
2 0 0 0 21692 310857664
2 0 0 0 71786084 25939667
1 7864448 0 20955589 0 0
0 19987984 83802 0 0 0
0 21331157 1387869 0 0 0
1 11608737 0 34879693 0 0
0 3918610 167513366 0 0 0
2 0 0 0 55964441 333752443
1 371829348 0 25032148 0 0
1 2267330 0 271193 0 0
2 0 0 0 79117693 30459216
2 0 0 0 98850078 20527211
0 74803925 6022964 0 0 0
0 21432476 367017 0 0 0
2 0 0 0 72711377 531891330
0 25126583 1483122 0 0 0
2 0 0 0 18035482 9959976
1 4693112 0 3205665 0 0
1 25391460 0 54582710 0 0
2 0 0 0 26860540 43329747
2 0 0 0 8396156 8137003
1 7710680 0 25583355 0 0
1 6772148 0 60854858 0 0
1 1857856 0 77993808 0 0
1 1125259 0 79390520 0 0
0 384900 75840970 0 0 0
2 0 0 0 148308422 6891652
2 0 0 0 141838 166856020
0 458041 622607 0 0 0
2 0 0 0 39243367 12842079
0 9329003 157896324 0 0 0
0 1551821 302836 0 0 0
0 59901603 240522481 0 0 0
0 7207269 20241 0 0 0
0 230547937 194308592 0 0 0
1 37991339 0 46283379 0 0
0 144425284 93991 0 0 0
1 4941326 0 6883181 0 0
2 0 0 0 70054758 176405797
2 0 0 0 57203065 170466594
2 0 0 0 36241075 117839350
0 5158536 71316830 0 0 0
1 779323446 0 31607871 0 0
0 55062426 161483636 0 0 0
1 128298171 0 1812270 0 0
2 0 0 0 8354076 3857976
2 0 0 0 39663757 64672530
0 31039404 24388319 0 0 0
0 6966561 1877901 0 0 0
1 273511625 0 90541633 0 0
2 0 0 0 84336349 52475850
1 29388 0 6415176 0 0
2 0 0 0 41947663 216631606
0 12677182 8644440 0 0 0
2 0 0 0 188249537 456658
0 186858386 14411076 0 0 0
0 3532708 3585854 0 0 0
0 2751640 215403788 0 0 0
0 4750243 244381621 0 0 0
1 92371017 0 107190187 0 0
1 4856412 0 30961626 0 0
0 928246 17680876 0 0 0
0 35213088 146891570 0 0 0
0 72092459 56143566 0 0 0
2 0 0 0 969823 11001875
2 0 0 0 7541426 58871624
0 4487787 1849348 0 0 0
0 423507 11470664 0 0 0
1 118146819 0 74980970 0 0
1 103068 0 30934290 0 0
2 0 0 0 115082918 65814354
0 21156700 31687525 0 0 0
0 50429918 6591424 0 0 0
1 2867800 0 10785366 0 0
0 40227981 3728168 0 0 0
0 35810190 55733898 0 0 0
0 64502065 175342649 0 0 0
0 147174140 351668 0 0 0
0 26613066 189691 0 0 0
2 0 0 0 114707402 1574767
1 1105434 0 8713617 0 0
2 0 0 0 954437 8696695
0 5163216 14920423 0 0 0
1 319545226 0 29226156 0 0
0 24524110 10794650 0 0 0
1 44955150 0 538997 0 0
0 736326 380618184 0 0 0
1 1782533 0 155791 0 0
0 109634491 74188307 0 0 0
0 321858947 23211300 0 0 0
1 14537531 0 31549091 0 0
2 0 0 0 353703125 6744129
0 76942235 127462064 0 0 0
1 18957474 0 22721128 0 0
0 465952 40154832 0 0 0
1 12589416 0 167968360 0 0
2 0 0 0 2509382 143411544
1 2217256 0 84560788 0 0
2 0 0 0 14850320 226980964
0 163000702 146942360 0 0 0
2 0 0 0 73159559 15745512
0 39539040 7336228 0 0 0
2 0 0 0 1408 26917247
1 2931413 0 25953323 0 0
2 0 0 0 42474649 6276742
0 9366623 35093802 0 0 0
1 10593174 0 4063996 0 0
1 35446651 0 145392381 0 0
0 98872274 8915226 0 0 0
0 4965941 136576856 0 0 0
2 0 0 0 79061583 31986057
1 573616706 0 269802075 0 0
2 0 0 0 44269046 16532896
1 4695804 0 145089 0 0
0 101066554 23693041 0 0 0
1 848410 0 28998311 0 0
0 2478509 26547066 0 0 0
2 0 0 0 53112346 34348762
0 10589061 344492745 0 0 0
1 16633374 0 282500804 0 0
1 700194 0 148886732 0 0
1 2561908 0 60491410 0 0
2 0 0 0 19473942 54888352
0 220076702 259787943 0 0 0
0 1503809 25978938 0 0 0
0 13618 101980011 0 0 0
1 22552582 0 16211492 0 0
1 3480796 0 172544710 0 0
1 39574180 0 4197639 0 0
1 56811361 0 82548546 0 0
0 5657976 19489695 0 0 0
0 421689 69062761 0 0 0
0 37789226 60245680 0 0 0
1 212941259 0 16415314 0 0
0 136299777 2708939 0 0 0
0 32789393 3800923 0 0 0
2 0 0 0 354702 70072305
0 2450355 14028917 0 0 0
1 39511488 0 111311173 0 0
1 12364345 0 760471 0 0
2 0 0 0 9070197 3705977
1 6112051 0 49961242 0 0
0 111185518 88773304 0 0 0
1 246120313 0 56958757 0 0
0 50168 354528560 0 0 0
0 35054194 4436512 0 0 0
0 17752042 18735677 0 0 0
0 124412464 37316945 0 0 0
2 0 0 0 41812473 34951575
2 0 0 0 5355047 12165265
0 1624566 93755661 0 0 0
2 0 0 0 27769542 85778263
2 0 0 0 709984 75110924
0 30468904 58032371 0 0 0
2 0 0 0 164268 108207938
1 23133850 0 4516482 0 0
1 331848227 0 27829915 0 0
1 97169871 0 2133899 0 0
1 3692047 0 48784463 0 0
2 0 0 0 1344124 23074561
1 10106463 0 89066720 0 0
2 0 0 0 36770290 250882703
1 12904008 0 1376314 0 0
2 0 0 0 2078569 48465870
2 0 0 0 171384707 211211654
1 20026593 0 91776452 0 0
2 0 0 0 68440420 13252537
0 28702277 34619100 0 0 0
1 74785 0 470527 0 0
1 63285206 0 18494024 0 0
2 0 0 0 89272336 143410449
1 27412861 0 105771 0 0
0 425585461 4559714 0 0 0
2 0 0 0 8426154 9821240
2 0 0 0 4347159 144920
1 154568944 0 105829118 0 0
2 0 0 0 43407999 176358040
0 834025716 93539 0 0 0
2 0 0 0 5148334 16073549
2 0 0 0 5180 9917545
1 4529590 0 2013321 0 0
0 9531296 111406348 0 0 0
1 6091942 0 18737008 0 0
1 12118877 0 63218909 0 0
2 0 0 0 21225849 50348502
1 3497004 0 35891654 0 0
0 9587542 15939288 0 0 0
1 29710417 0 17411355 0 0
2 0 0 0 52298580 75001980
0 11334815 65686922 0 0 0
1 314716 0 6986379 0 0
1 148582187 0 23932350 0 0
0 41235709 17503205 0 0 0
1 224736 0 251156720 0 0
1 3927709 0 77608362 0 0
1 9982159 0 19812220 0 0
1 43756531 0 26777118 0 0
1 207178539 0 18109259 0 0
2 0 0 0 38681444 140294224
0 56254848 1338715 0 0 0
0 77797397 86604906 0 0 0
2 0 0 0 125039332 3947980
0 34218395 23916653 0 0 0
2 0 0 0 731496 71544
1 77092170 0 214052468 0 0
2 0 0 0 42555425 1473574
2 0 0 0 17944663 8105643
1 25204771 0 181268196 0 0
2 0 0 0 98111282 245567402
1 5860312 0 1414546 0 0
0 2138270 68776466 0 0 0
0 38712232 16585012 0 0 0
1 20290609 0 11461617 0 0
1 12019786 0 20174979 0 0
2 0 0 0 16431230 16742938
2 0 0 0 420749461 159985
0 217601011 1514333 0 0 0
1 34450982 0 110967328 0 0
0 36665245 95871393 0 0 0
2 0 0 0 7925272 71515727
2 0 0 0 73683438 2059495
2 0 0 0 443606593 17529346
1 46155025 0 184230190 0 0
2 0 0 0 18897325 123957314
0 11837779 120517619 0 0 0
1 1735837 0 51751735 0 0
2 0 0 0 33410031 1038392
1 81541541 0 12636291 0 0
2 0 0 0 17361446 79616585
0 9342105 20061374 0 0 0
0 3433425 8134428 0 0 0
0 12677039 114373425 0 0 0
2 0 0 0 198637805 100237653
0 81355928 209717778 0 0 0
2 0 0 0 157317663 775663
0 672436 188528886 0 0 0
0 24075867 26800834 0 0 0
2 0 0 0 42867027 117400477
2 0 0 0 76096035 164714630
0 329308 125763013 0 0 0
1 13747599 0 260179179 0 0
0 171861541 3266111 0 0 0
2 0 0 0 524092 11394753
0 4208385 4565037 0 0 0
1 2167663 0 65920369 0 0
0 44655411 775372703 0 0 0
1 22050589 0 22070 0 0
1 51135602 0 3834690 0 0
2 0 0 0 11289585 82947750
1 89120308 0 33882490 0 0
2 0 0 0 7750326 119897769
0 6589955 13181820 0 0 0
0 2240914 43116950 0 0 0
0 8787894 17640771 0 0 0
1 70535234 0 86038322 0 0
2 0 0 0 88205932 363825128
1 4104957 0 37020164 0 0
2 0 0 0 34201857 62718556
1 44270830 0 6798803 0 0
1 179420420 0 33574463 0 0
1 118830779 0 2247797 0 0
0 22430475 14590988 0 0 0
0 178646135 1277867 0 0 0
1 12804010 0 38571730 0 0
1 39132537 0 204496 0 0
0 55883525 61003641 0 0 0
2 0 0 0 12909624 57852626
2 0 0 0 12395200 135212624
2 0 0 0 13172562 102324689
2 0 0 0 56791146 58761515
1 103920168 0 24121962 0 0
1 52807471 0 3816137 0 0
1 1998840 0 143756167 0 0
2 0 0 0 13130876 851310
0 144811235 19083956 0 0 0
0 5651011 19176001 0 0 0
2 0 0 0 921312 12344536
2 0 0 0 282867009 58350845
2 0 0 0 182350046 1197344
0 836034 23276961 0 0 0
1 4188290 0 1040559 0 0
2 0 0 0 19799231 77622432
2 0 0 0 52428 92736413
2 0 0 0 302869565 27388945
0 1408853 389270769 0 0 0
1 20542957 0 134971867 0 0
2 0 0 0 153447795 29708419
1 32217132 0 49999028 0 0
1 270382789 0 127380095 0 0
1 17915285 0 25434051 0 0
0 26387673 1266874 0 0 0
2 0 0 0 28016136 29749216
1 351312344 0 13508556 0 0
1 74493620 0 167412 0 0
2 0 0 0 5142517 4099664
1 24476001 0 14775483 0 0
0 23955479 173764711 0 0 0
1 514261837 0 16631420 0 0
2 0 0 0 6463210 20961330
0 15845 244096611 0 0 0
1 22030599 0 61581857 0 0
1 38401651 0 501154 0 0
1 35679167 0 135846018 0 0
2 0 0 0 71861642 81185302
0 94382 214982718 0 0 0
2 0 0 0 54651992 1729028
0 17110249 30259174 0 0 0
2 0 0 0 79275633 14686886
1 23003937 0 68624546 0 0
2 0 0 0 58510048 977202
1 2493534 0 51887142 0 0
2 0 0 0 192142 24452249
0 128383873 304281704 0 0 0
0 97519037 10286434 0 0 0
1 759322 0 143197781 0 0
1 228120334 0 2332623 0 0
2 0 0 0 3561603 74453537
2 0 0 0 36503387 62665
2 0 0 0 444912692 11663593
0 66751274 32707738 0 0 0
1 12265962 0 7375545 0 0
0 15997329 29886968 0 0 0
1 46528033 0 45672025 0 0
0 25025746 9499430 0 0 0
1 56547530 0 116937390 0 0
2 0 0 0 1981248 37915996
2 0 0 0 1451075 58075592
2 0 0 0 247170990 85540703
1 3445566 0 10561021 0 0
1 983413 0 46092781 0 0
0 1010345 56830157 0 0 0
1 26752587 0 329604312 0 0
1 50476180 0 1889580 0 0
0 263332 463525721 0 0 0
0 33359704 172402897 0 0 0
0 66203575 66572482 0 0 0
0 81150579 15478471 0 0 0
0 118804313 5777181 0 0 0
2 0 0 0 208774030 3136524
1 257870236 0 595841 0 0
0 35524379 6403513 0 0 0
2 0 0 0 6827571 106928344
1 32604899 0 449669426 0 0
1 6136436 0 38343543 0 0
1 53589573 0 86748278 0 0
2 0 0 0 254566225 20805337
2 0 0 0 1505755 1017696
0 107629359 362223891 0 0 0
0 6685220 238224495 0 0 0
0 417803267 344682070 0 0 0
2 0 0 0 3082998 47431
0 65072446 166808693 0 0 0
2 0 0 0 116037294 14369894
1 233366768 0 364453898 0 0
0 57421769 65310951 0 0 0
0 2162530 3288449 0 0 0
0 15752156 17485852 0 0 0
1 90935618 0 20800972 0 0
2 0 0 0 9523363 68017634
1 109395 0 8692651 0 0
1 979304 0 316243 0 0
1 977875 0 4326355 0 0
0 17392988 6648249 0 0 0
1 102736671 0 75761297 0 0
0 27628487 20581589 0 0 0
0 92022 1057557 0 0 0
2 0 0 0 20295046 3752200
0 75108084 70218613 0 0 0
1 61489841 0 11687086 0 0
2 0 0 0 181882885 1300715
1 8971049 0 18428816 0 0
1 7263635 0 3528167 0 0
0 19382722 10778210 0 0 0
0 335077306 10129697 0 0 0
0 299823416 78058624 0 0 0
0 6043040 2976965 0 0 0
2 0 0 0 9370066 71154442
0 20599810 11075803 0 0 0
0 308120348 147444920 0 0 0
0 19066557 81217403 0 0 0
1 245488129 0 87831607 0 0
0 158785411 73912088 0 0 0
1 40615670 0 48625796 0 0
0 74406278 19136453 0 0 0
0 34554848 362798838 0 0 0
1 70386742 0 13468600 0 0
0 68068 4464196 0 0 0
2 0 0 0 3657127 631840
1 9596702 0 343388164 0 0
2 0 0 0 57355208 361156
0 512930 1359104 0 0 0
2 0 0 0 163569258 22936247
2 0 0 0 62177368 10808383
2 0 0 0 1467442 89055752
0 10172956 49647197 0 0 0
1 36413843 0 2226475 0 0
1 61865441 0 3663427 0 0
2 0 0 0 7057175 15119026
1 76933226 0 60040683 0 0
1 15064045 0 16618571 0 0
1 36236821 0 5773768 0 0
0 90396836 261127496 0 0 0
1 274731975 0 20807099 0 0
2 0 0 0 77591173 29813133
2 0 0 0 2012681 1346026
2 0 0 0 64368468 150607539
1 1888634 0 65492435 0 0
0 17254561 18332410 0 0 0
1 10431106 0 9832932 0 0
2 0 0 0 28414325 25402688
2 0 0 0 50728241 2126489
1 17823598 0 387460878 0 0
2 0 0 0 17575902 348895106
1 170611558 0 1759390 0 0
0 10224797 1063027 0 0 0
0 3629135 114299239 0 0 0
2 0 0 0 179207746 77326931
0 142968284 4525252 0 0 0
2 0 0 0 12997829 150395437
2 0 0 0 89563059 18702657
0 332283596 4586012 0 0 0
2 0 0 0 1399743 1335383
0 40837925 103681938 0 0 0
2 0 0 0 3271222 1223865
2 0 0 0 40390707 120564778
2 0 0 0 22690992 202976930
2 0 0 0 456544 27399610
0 407094 7081764 0 0 0
0 9384487 60050675 0 0 0
0 50325324 155820821 0 0 0
2 0 0 0 39948781 14077847
2 0 0 0 9806379 6386964
1 49478960 0 314050870 0 0
0 10005473 4629629 0 0 0
2 0 0 0 19436 39430237
2 0 0 0 15360319 4676302
2 0 0 0 164550819 74140351
2 0 0 0 196725214 11728633
0 23789943 70287833 0 0 0
1 73104637 0 10875164 0 0
1 282681 0 524161263 0 0
1 1056434 0 48832310 0 0
0 3904478 23568534 0 0 0
0 4306056 15544196 0 0 0
2 0 0 0 21589805 426032
2 0 0 0 93414642 36646119
1 23747292 0 5352926 0 0
1 235580071 0 91096388 0 0
2 0 0 0 426425 47043481
1 3417174 0 510333106 0 0
1 18563941 0 206959890 0 0
0 27586780 54875 0 0 0
2 0 0 0 22810664 10250853
1 11993145 0 875451 0 0
1 1192669 0 7982110 0 0
2 0 0 0 36567824 8015833
0 8108549 56763555 0 0 0
1 14337008 0 77711 0 0
2 0 0 0 260834224 63510514
2 0 0 0 75582205 7114257
1 17829182 0 36939343 0 0
0 144512933 112745829 0 0 0
0 6023793 12652773 0 0 0
2 0 0 0 130113265 162811057
0 409527271 61768156 0 0 0
0 3080291 5413821 0 0 0
1 8820907 0 532141 0 0
2 0 0 0 149923674 242717509
2 0 0 0 37245404 457143032
0 689790 10805758 0 0 0
0 6869640 74053426 0 0 0
0 32614932 133699361 0 0 0
1 17622731 0 25707762 0 0
2 0 0 0 99631633 333726
0 15539570 7897354 0 0 0
0 62792992 39875062 0 0 0
1 42452005 0 4793948 0 0
0 114133174 15134327 0 0 0
0 54260084 3228275 0 0 0
1 21261264 0 52579159 0 0
2 0 0 0 31634747 21756590
2 0 0 0 46000274 9401702
0 29978239 73477177 0 0 0
0 19174620 16918427 0 0 0
2 0 0 0 15504068 650407
0 61171319 122678481 0 0 0
2 0 0 0 61627333 46000747
0 152670 63487963 0 0 0
1 151166571 0 111163400 0 0
2 0 0 0 23830157 14497510
2 0 0 0 16644354 5781105
2 0 0 0 69007720 1578659
2 0 0 0 69394061 27516077
2 0 0 0 4440812 107578046
0 131542007 81678392 0 0 0
0 20517247 78649294 0 0 0
2 0 0 0 4008326 214228246
2 0 0 0 430183577 143654184
1 1398787 0 51439884 0 0
1 1890945 0 131906253 0 0
0 159713229 17992952 0 0 0
1 44983909 0 24375362 0 0
1 51750407 0 498927 0 0
0 26012117 299175733 0 0 0
1 76311082 0 106888251 0 0
1 60867274 0 328999 0 0
1 2954261 0 272865 0 0
2 0 0 0 80127655 4101868
2 0 0 0 270470091 48909145
1 1935622 0 18637927 0 0
1 11052441 0 8345440 0 0
1 2252037 0 746522 0 0
1 3228838 0 128857735 0 0
2 0 0 0 3102456 21595467
1 658404 0 171059967 0 0
1 37420843 0 150878 0 0
2 0 0 0 20111590 25631251
1 101902897 0 2986916 0 0
0 2948007 37452596 0 0 0
0 11491814 32008174 0 0 0
2 0 0 0 8561256 15983804
1 253755670 0 54203017 0 0
2 0 0 0 87791600 1070053
0 1031832 22240981 0 0 0
0 58524658 170044366 0 0 0
0 38552441 86663842 0 0 0
1 24224608 0 7895341 0 0
1 913438 0 88096236 0 0
1 11356561 0 13931626 0 0
0 44040540 25193449 0 0 0
2 0 0 0 126679202 11330926
2 0 0 0 12731577 18536074
0 8653313 125524236 0 0 0
1 44964245 0 28485383 0 0
1 823879 0 390874610 0 0
1 54262796 0 28591105 0 0
2 0 0 0 47493271 24936854
0 436936687 44858770 0 0 0
2 0 0 0 154358981 15553672
0 78668483 142345156 0 0 0
0 1054000 84150911 0 0 0
2 0 0 0 48799396 27493455
1 46176630 0 82607032 0 0
2 0 0 0 114371860 10031991
0 103511379 37329906 0 0 0
0 42046341 23544738 0 0 0
1 15217921 0 993268 0 0
2 0 0 0 1197943 163560385
0 1730096 4395807 0 0 0
0 4753713 77208517 0 0 0
1 4768881 0 11326117 0 0
0 39051469 390903 0 0 0
1 155989773 0 201933005 0 0
0 10227732 5898188 0 0 0
0 79342486 5721308 0 0 0
1 4630939 0 1878883 0 0
2 0 0 0 3617351 348564935
1 27910769 0 17380443 0 0
1 48943795 0 171507682 0 0
2 0 0 0 180984009 416
2 0 0 0 2899449 2787929
0 73491989 249916171 0 0 0
0 696547 298913163 0 0 0
0 12890067 15212591 0 0 0
1 39269980 0 3732140 0 0
0 870629 13753150 0 0 0
0 15531837 2315252 0 0 0
0 6066177 4168476 0 0 0
2 0 0 0 41407547 49088859
0 25109460 13865378 0 0 0
2 0 0 0 1652725 19123400
2 0 0 0 626611 916835
1 15565858 0 84920971 0 0
0 1261665 39437184 0 0 0
2 0 0 0 161056147 25497362
0 132160799 13632615 0 0 0
2 0 0 0 5965623 62277539
2 0 0 0 26650042 222859085
2 0 0 0 30832225 28756174
1 3481579 0 414258016 0 0
1 3148791 0 1586219 0 0
0 7934694 10011704 0 0 0
2 0 0 0 1770554 10104964
2 0 0 0 3238615 110761711
2 0 0 0 30184714 707191
0 242098718 126762183 0 0 0
0 80677564 70487227 0 0 0
2 0 0 0 10491088 533419
1 61223640 0 13393910 0 0
2 0 0 0 10677189 548771
1 330514 0 52664490 0 0
0 34480147 88213248 0 0 0
0 70060 186523106 0 0 0
2 0 0 0 4373231 35476278
1 23002120 0 44967427 0 0
0 6127875 42188736 0 0 0
1 120759522 0 3867477 0 0
1 589071546 0 105046720 0 0
2 0 0 0 48582516 159401130
0 459313 35307362 0 0 0
2 0 0 0 16013832 29059632
0 3363848 23414548 0 0 0
1 7010526 0 7288783 0 0
1 104661920 0 55132731 0 0
2 0 0 0 59981548 18866915
1 25028599 0 14815242 0 0
1 111486539 0 1527022 0 0
0 12326997 1388957 0 0 0
2 0 0 0 48083330 32645787
2 0 0 0 57763420 5913901
1 2934591 0 204835245 0 0
1 29307774 0 65509423 0 0
0 48377744 10718135 0 0 0
0 96604989 9764 0 0 0
0 450662 33970127 0 0 0
0 2842065 6711221 0 0 0
0 889486 319407 0 0 0
0 37232509 500890 0 0 0
2 0 0 0 12013875 4784148
1 46876441 0 94105202 0 0
0 403064046 411686702 0 0 0
2 0 0 0 6058022 25729648
0 20786816 380729 0 0 0
1 44807238 0 13439289 0 0
0 47397817 34348795 0 0 0
2 0 0 0 24996792 17033378
0 9799446 4142397 0 0 0
0 93659531 9939250 0 0 0
2 0 0 0 29035255 2133448
0 34625159 84356944 0 0 0
2 0 0 0 4121977 5415516
0 104161238 105943 0 0 0
1 124121756 0 47540009 0 0
0 17588314 374720 0 0 0
2 0 0 0 61925539 33791728
1 540258 0 109265329 0 0
0 78136456 166111 0 0 0
1 144265 0 2222553 0 0
0 30574947 83016471 0 0 0
2 0 0 0 27323065 11193147
2 0 0 0 73463941 27082711
2 0 0 0 8114746 4526012
0 17560376 28996891 0 0 0
2 0 0 0 245241764 224520857
0 117539786 4309100 0 0 0
1 1048341 0 14273548 0 0
1 91306156 0 8284059 0 0
0 19251903 201631372 0 0 0
2 0 0 0 162078853 56948571
1 287883 0 3299972 0 0
2 0 0 0 14005071 777677
1 3247488 0 56651601 0 0
1 31861061 0 9007960 0 0
1 18350117 0 62348646 0 0
2 0 0 0 977958 1033128
0 181212005 3608883 0 0 0
1 206555144 0 283124840 0 0
1 2617780 0 25155362 0 0
2 0 0 0 52604556 32645642
0 174983869 356295 0 0 0
2 0 0 0 18792084 191358
0 5385542 127467 0 0 0
2 0 0 0 85722 169303432
0 26162 48656992 0 0 0
0 163014 67944203 0 0 0
1 15791932 0 154428236 0 0
2 0 0 0 7965543 20462421
1 2729574 0 39658707 0 0
2 0 0 0 182150516 10137211
0 738888 39603677 0 0 0
2 0 0 0 273188992 5600665
0 109445362 180938 0 0 0
0 134035 299 0 0 0
0 181394649 5860407 0 0 0
1 8968642 0 9994920 0 0
0 1988239 41934138 0 0 0
0 5389450 36582348 0 0 0
2 0 0 0 7642617 699595
0 55324972 94421631 0 0 0
2 0 0 0 48332699 765622
0 1378394 5175411 0 0 0
0 50785691 83775781 0 0 0
0 6994852 2863627 0 0 0
2 0 0 0 39422237 176142208
0 11165215 4749179 0 0 0
0 51453753 46670565 0 0 0
2 0 0 0 34688210 60814909
2 0 0 0 12718905 330010
0 24997640 9461162 0 0 0
1 10549254 0 23249104 0 0
1 164730485 0 264509 0 0
2 0 0 0 4132082 243940
1 37611256 0 3608104 0 0
0 70450804 144316422 0 0 0
1 8216029 0 679597 0 0
1 26282733 0 39224543 0 0
0 291488840 3338864 0 0 0
1 8095667 0 467508 0 0
1 25050196 0 76137423 0 0
2 0 0 0 399517193 4392612
0 4107291 78460305 0 0 0
0 52773352 75378 0 0 0
1 485220 0 67161389 0 0
1 2260878 0 133867 0 0
1 10352864 0 398387663 0 0
0 21752507 55112484 0 0 0
1 1385273 0 75364 0 0
1 9754437 0 82330819 0 0
0 193637822 3046966 0 0 0
2 0 0 0 45184866 15628556
0 199881 8323169 0 0 0
0 11022240 40258949 0 0 0
2 0 0 0 8223751 229350180
1 39303870 0 23972666 0 0
0 117008446 6519641 0 0 0
2 0 0 0 11276597 65116987
1 157370738 0 28516794 0 0
1 14172670 0 95649191 0 0
0 92291595 139430708 0 0 0
1 267119357 0 117818804 0 0
0 23264587 19135691 0 0 0
0 117071013 100717771 0 0 0
1 26947273 0 48129578 0 0
2 0 0 0 7451609 10108600
0 16361187 967086 0 0 0
0 271852932 39510878 0 0 0
2 0 0 0 80682138 14195317
1 260789806 0 102593 0 0
2 0 0 0 12514523 18355903
1 16379979 0 12424629 0 0
1 34295126 0 4711128 0 0
0 8444975 256471029 0 0 0
1 239962144 0 319664570 0 0
1 158037484 0 379462 0 0
1 16398478 0 76511571 0 0
1 115441 0 18971675 0 0
1 83880596 0 96963532 0 0
2 0 0 0 14866886 17892037
1 145242407 0 43307863 0 0
1 120258018 0 90033907 0 0
1 52691138 0 104009956 0 0
0 59603364 25377470 0 0 0
2 0 0 0 1643501 197166364
1 139933175 0 2195196 0 0
1 9061074 0 5791738 0 0
0 68192406 167219790 0 0 0
0 15511311 5262392 0 0 0
1 677402 0 1712557 0 0
2 0 0 0 1379193 176884
2 0 0 0 48588027 15059871
1 662011 0 95737420 0 0
1 173003303 0 30917408 0 0
1 192027113 0 58448380 0 0
1 1265816 0 5287021 0 0
0 5830210 2176267 0 0 0
2 0 0 0 8560000 7429244
2 0 0 0 9534131 418577864
1 9141561 0 23588813 0 0
0 143539329 24434281 0 0 0
2 0 0 0 101981216 287139
1 1759298 0 35482006 0 0
0 385833806 7923369 0 0 0
2 0 0 0 7927463 727250
0 9904618 49478172 0 0 0
0 2541157 60259176 0 0 0
0 20180838 21430004 0 0 0
1 327023 0 6408121 0 0
2 0 0 0 496283 5176257
0 81026225 162341767 0 0 0
2 0 0 0 6661656 1703547
0 40615184 43372240 0 0 0
2 0 0 0 55166523 222442
2 0 0 0 167215181 49227352
0 222390104 97087784 0 0 0
2 0 0 0 4931725 320141
1 208949349 0 15660358 0 0
2 0 0 0 109229117 19938446
2 0 0 0 346732040 73820787
1 1998491 0 60879316 0 0
0 2137019 284308032 0 0 0
0 8344998 22320933 0 0 0
0 12938276 97019261 0 0 0
1 17398531 0 75955982 0 0
0 77270461 163087294 0 0 0
1 44206943 0 30543953 0 0
2 0 0 0 82174950 57964785
2 0 0 0 2117349 243183492
1 21737991 0 6096412 0 0
0 124536674 117465667 0 0 0
1 76947193 0 2370251 0 0
1 10096561 0 2122005 0 0
2 0 0 0 7765788 187693586
1 89143825 0 46260724 0 0
1 5472873 0 62108070 0 0
2 0 0 0 151197164 8067386
2 0 0 0 345926 219073421
1 15384791 0 22038524 0 0
0 49851644 14197739 0 0 0
0 243573811 253653885 0 0 0
0 61392252 60894976 0 0 0
1 134007391 0 7596365 0 0
0 288401 71479923 0 0 0
1 38909146 0 141325916 0 0
0 314782931 442564526 0 0 0
1 349579 0 13844802 0 0
1 1172837 0 5141752 0 0
1 23788197 0 27595173 0 0
0 351919766 133228433 0 0 0
2 0 0 0 44281738 1696616
1 100351422 0 551814 0 0
0 226800439 18077131 0 0 0
0 48723514 1434847 0 0 0
2 0 0 0 12907008 5016787
1 212059569 0 60091816 0 0
1 26994666 0 5624868 0 0
1 1148647 0 90478676 0 0
1 116413121 0 35242546 0 0
1 14148126 0 852746 0 0
1 56273314 0 15000020 0 0
0 35687603 57515700 0 0 0
2 0 0 0 31434750 16239515
0 25375628 5537439 0 0 0
1 205620380 0 346965600 0 0
1 144831372 0 45440001 0 0
2 0 0 0 118767567 4268581
2 0 0 0 89780024 80960393
1 59064700 0 22437452 0 0
0 56871345 76144723 0 0 0
0 2352698 69459437 0 0 0
2 0 0 0 1346188 13740245
0 44573155 3662921 0 0 0
1 148002599 0 27102954 0 0
0 82081520 238862174 0 0 0
2 0 0 0 106176036 69449699
2 0 0 0 22685936 35759928
1 61004910 0 7906796 0 0
0 33881312 81192298 0 0 0
1 90010443 0 76147051 0 0
1 115183671 0 36492775 0 0
1 60409951 0 5176298 0 0
2 0 0 0 243276267 77405996
2 0 0 0 52983458 14601
1 2877445 0 21888137 0 0
2 0 0 0 162968400 10503702
1 76173507 0 6019096 0 0
2 0 0 0 9319103 59937091
0 262823161 81741654 0 0 0
1 314650 0 2346428 0 0
1 1539456 0 8288340 0 0
2 0 0 0 4034258 96038157
1 14536882 0 112748089 0 0
0 77683691 211176418 0 0 0
0 5833213 28648140 0 0 0
2 0 0 0 8323527 36294302
987
0 166 415
1 415 277
0 166 340
0 277 499
0 340 394
0 499 369
0 340 69
0 499 409
0 69 235
0 409 38
0 415 862
0 69 232
0 232 637
0 369 785
0 637 282
0 785 307
0 277 651
0 340 896
0 415 616
1 277 813
0 896 704
0 166 593
1 69 80
0 785 854
0 394 638
0 307 324
0 785 70
1 651 238
0 651 19
0 593 607
0 235 794
0 638 804
0 637 705
0 277 745
0 282 309
0 340 740
1 637 13
0 415 351
1 854 653
0 651 353
0 499 821
0 593 464
0 804 300
0 607 4
0 69 441
0 794 393
0 394 32
0 653 196
0 70 502
1 19 294
0 282 872
0 19 405
0 499 188
0 653 517
0 324 508
0 353 175
0 638 809
1 4 823
0 32 30
0 300 210
0 896 367
0 740 14
0 508 410
0 441 442
0 367 375
0 415 115
0 210 737
1 464 799
0 294 487
0 441 68
0 823 109
0 393 645
0 896 873
0 794 622
0 705 406
0 785 171
0 704 780
0 277 81
0 517 318
0 171 349
0 745 477
0 441 331
0 324 372
0 307 558
0 4 840
0 349 237
0 19 155
0 799 332
0 804 798
0 464 579
0 780 784
0 477 769
0 32 179
0 622 861
0 324 439
1 558 642
1 896 413
0 737 385
0 166 729
1 46 544
0 868 812
1 725 25
0 595 223
1 276 257
1 750 713
1 866 723
0 766 46
1 523 489
0 775 15
0 300 260
0 584 392
0 790 135
0 796 230
1 862 148
0 684 99
0 347 89
0 646 605
0 14 820
0 794 105
0 458 641
0 137 279
0 147 444
1 309 884
0 471 851
0 542 674
0 119 594
0 890 274
0 842 546
0 360 23
1 370 388
0 140 673
1 880 885
0 117 262
0 504 867
0 729 28
0 34 263
0 124 71
0 678 330
0 348 240
0 67 244
0 877 812
0 309 583
0 304 444
0 809 377
0 233 594
0 829 99
0 569 493
0 309 617
0 477 195
0 242 472
0 375 790
0 774 824
0 306 688
0 578 503
0 698 223
0 297 870
0 361 202
0 493 374
0 644 810
0 804 150
0 26 459
0 267 679
0 536 853
0 646 429
1 431 600
0 438 894
0 148 254
0 580 279
0 259 739
0 475 791
0 458 48
0 410 736
0 3 316
0 167 222
0 681 433
0 336 161
1 262 746
0 433 687
0 317 144
0 855 421
0 460 417
0 696 576
0 864 417
0 397 577
0 665 260
0 620 31
0 501 317
0 461 24
0 768 664
0 26 503
0 765 334
0 178 739
0 765 203
1 33 71
0 133 815
0 668 407
0 69 820
0 722 333
1 130 647
0 171 281
0 648 860
0 74 641
0 316 870
0 788 640
0 60 135
0 56 543
0 162 884
1 812 683
0 63 161
0 467 641
0 313 96
0 426 775
1 298 461
0 364 265
0 330 687
0 97 377
0 380 603
0 539 99
0 677 521
1 593 675
1 137 789
0 213 37
0 424 257
1 63 475
0 872 334
0 898 236
0 101 292
0 513 764
0 5 664
1 173 118
0 164 609
1 297 791
0 586 316
0 309 318
0 534 764
0 81 117
0 786 189
0 745 65
0 507 692
0 593 16
1 797 658
0 494 652
0 21 598
0 317 632
0 208 94
0 844 142
0 370 764
0 675 356
0 58 776
0 335 479
0 792 321
1 777 546
1 41 279
1 622 801
0 385 216
0 22 226
0 112 104
0 454 261
0 635 89
0 377 304
0 68 206
0 9 444
0 746 84
0 524 216
0 275 356
1 228 61
0 422 143
0 259 803
0 576 334
0 564 711
0 333 744
0 525 664
0 89 816
0 669 34
0 208 94
0 299 719
0 593 368
1 462 448
0 82 314
0 37 381
0 350 297
0 593 215
0 391 881
0 879 682
0 514 791
0 40 494
0 609 434
0 232 426
0 108 447
0 470 904
0 192 803
0 817 752
1 179 559
0 892 684
0 122 732
0 578 402
0 110 760
0 331 215
0 145 550
0 429 315
0 546 897
1 83 599
0 665 330
0 306 649
0 379 334
0 234 429
0 144 529
0 337 512
0 415 254
0 821 725
0 632 901
0 802 511
0 247 209
0 243 647
0 524 650
0 594 346
0 720 787
0 523 692
0 782 723
0 207 803
0 299 892
0 388 698
0 496 522
0 586 315
0 724 529
0 602 127
0 471 416
0 295 133
0 536 34
0 472 356
0 413 157
0 797 65
0 329 679
0 410 219
0 735 94
0 263 567
0 419 268
0 391 31
1 36 73
0 542 177
0 445 900
0 604 265
0 876 217
0 52 49
0 467 461
0 99 765
0 521 12
1 287 255
0 511 7
0 638 47
0 780 314
0 409 634
0 450 789
0 262 73
0 705 577
0 553 655
0 798 289
0 575 812
1 132 733
0 378 581
0 152 757
0 155 505
0 380 849
0 130 766
0 337 774
0 85 723
0 120 467
0 809 511
0 243 360
0 442 12
0 32 856
0 717 78
0 500 525
0 532 305
0 388 327
0 832 793
0 176 494
0 290 163
0 395 482
0 285 438
1 679 822
0 399 54
0 584 252
0 785 242
0 529 643
1 194 93
0 737 368
1 4 299
0 764 329
1 370 395
0 209 554
1 763 215
0 218 402
1 76 34
1 774 205
0 204 20
0 576 484
0 252 889
0 729 364
0 245 365
0 369 53
0 683 223
0 444 124
0 269 472
0 594 684
1 485 433
0 811 789
1 68 837
0 526 641
0 538 787
0 207 83
0 612 556
0 169 299
1 571 486
0 98 692
1 301 135
0 576 223
0 706 199
0 624 46
0 31 7
0 495 461
0 324 581
0 411 463
0 102 834
0 454 791
1 153 835
1 158 124
1 730 42
1 67 760
0 790 422
0 360 580
0 740 457
0 351 225
0 356 772
0 26 719
1 797 693
0 353 273
0 201 554
0 603 725
0 476 65
0 454 302
0 354 292
1 216 205
0 116 404
0 195 35
0 303 429
0 321 212
0 41 713
1 56 795
1 489 484
0 428 111
0 303 370
1 817 791
0 651 751
0 4 197
0 209 698
0 526 207
0 125 320
0 443 725
1 99 489
0 695 496
0 77 657
0 852 878
0 146 91
0 25 682
1 411 806
0 837 842
0 65 223
0 881 822
0 81 672
0 812 381
0 2 329
0 755 447
1 175 61
0 1 580
0 148 631
1 513 190
0 191 322
0 156 17
1 762 632
0 739 212
0 526 346
0 582 743
0 554 124
0 179 83
0 877 641
0 226 159
0 123 685
0 359 863
0 460 333
0 311 577
0 895 337
1 784 820
0 218 713
0 49 461
0 20 384
0 600 96
0 703 158
0 750 457
0 186 112
0 310 85
0 722 258
0 53 199
0 401 719
0 90 513
0 205 320
0 360 180
0 782 672
0 538 890
0 18 516
0 299 356
0 663 90
0 567 897
1 875 605
0 146 425
1 521 734
0 82 192
1 275 144
0 89 125
0 505 614
1 637 461
0 407 753
1 560 563
1 314 750
0 756 554
0 432 812
0 803 459
0 671 575
1 351 687
0 652 254
0 783 759
0 690 40
0 443 751
0 114 742
0 893 274
0 445 468
0 52 65
0 77 675
0 465 360
0 22 525
0 189 381
1 609 774
0 255 669
0 300 272
0 78 432
0 478 48
1 506 35
0 314 774
1 125 436
0 462 447
0 85 489
0 659 608
0 309 188
0 98 434
0 228 220
0 121 104
1 511 459
0 445 362
0 309 878
0 148 791
0 313 161
0 388 496
0 560 605
0 139 774
0 542 843
0 74 360
0 298 230
0 604 787
1 444 756
0 893 544
0 289 112
0 424 559
0 627 758
0 854 98
0 431 423
0 419 84
0 173 851
0 253 760
0 283 507
0 291 692
0 418 329
0 66 258
0 505 776
0 385 571
0 708 233
0 856 492
0 351 356
0 731 533
1 339 525
0 244 757
1 284 890
0 350 805
1 173 520
0 701 48
0 627 334
0 766 143
0 815 320
0 181 904
0 291 774
0 780 327
1 734 460
0 157 772
0 651 390
0 886 567
1 95 660
0 463 533
0 476 789
0 608 254
0 404 212
0 368 112
0 771 147
0 43 598
0 719 817
0 900 350
0 338 501
0 443 124
0 477 744
0 312 608
0 230 631
0 77 361
1 67 716
0 229 64
0 527 851
0 225 824
1 239 530
0 392 479
0 57 845
0 437 764
0 386 753
0 531 433
0 640 301
0 758 679
0 235 148
0 889 743
0 69 865
0 303 436
0 491 98
1 619 334
1 761 45
0 141 119
0 698 822
1 419 48
0 846 253
0 555 539
0 779 140
1 334 791
0 571 150
0 684 223
0 468 120
1 399 546
0 661 357
1 129 24
0 553 152
0 46 61
0 615 720
1 173 21
0 825 589
0 289 190
0 642 673
0 693 791
0 7 812
0 904 698
1 95 154
0 827 376
0 591 756
0 226 542
0 352 79
0 577 733
0 208 447
0 782 747
0 306 392
0 154 380
0 475 513
0 642 366
0 700 148
0 58 518
0 430 6
0 348 856
0 901 554
0 302 450
0 531 60
0 869 230
1 727 693
0 812 190
0 739 6
0 238 312
0 1 733
1 191 881
0 501 727
0 185 355
0 698 297
0 637 562
0 562 432
0 99 312
0 47 420
0 328 270
0 537 192
0 823 242
0 746 703
0 500 172
0 297 223
0 719 901
1 82 664
0 398 466
0 617 723
0 227 496
0 43 21
1 798 46
1 568 762
0 829 297
1 804 134
0 794 315
0 334 791
0 283 485
0 619 576
0 683 414
1 96 467
0 130 755
1 454 648
0 72 673
0 315 65
0 813 782
0 344 205
0 588 540
1 410 326
0 685 272
1 66 525
0 601 525
0 714 776
0 545 137
0 882 693
0 415 109
1 344 274
0 195 462
0 73 644
0 704 286
1 805 260
0 446 882
0 376 600
1 776 137
0 577 301
0 709 261
0 198 24
0 45 581
0 695 362
1 266 675
0 564 379
0 819 492
0 560 635
0 759 805
0 333 484
0 805 254
0 647 687
0 859 114
0 75 779
0 799 276
0 482 764
0 744 513
0 173 776
0 84 261
0 375 708
0 672 333
0 632 322
0 742 810
0 887 320
0 611 259
0 341 724
0 308 851
0 316 223
1 518 581
0 470 484
0 567 523
0 420 516
0 885 384
0 791 223
0 42 815
0 65 822
0 529 658
0 700 145
1 379 203
1 437 814
0 500 748
1 696 24
0 237 807
0 884 46
1 295 685
0 110 48
0 679 334
1 519 20
0 672 322
1 892 599
0 690 211
1 484 161
0 283 614
0 741 365
0 205 554
0 725 691
0 686 454
0 528 8
0 458 496
0 498 749
1 698 334
1 773 159
0 48 161
0 65 24
0 361 7
0 295 680
0 844 312
0 251 791
0 638 546
0 511 546
0 755 279
0 564 670
0 816 678
0 497 512
0 214 450
0 543 521
0 322 316
1 485 582
0 291 766
0 329 608
0 633 752
0 422 520
0 625 550
0 501 647
1 877 608
0 171 808
0 686 419
0 561 500
0 747 701
0 635 151
0 753 692
1 172 230
0 645 552
0 793 90
0 270 877
0 304 530
0 537 280
0 401 699
0 434 99
0 663 733
1 141 45
0 626 12
0 638 554
0 544 530
0 527 610
0 684 752
1 608 49
0 646 168
0 355 99
0 150 159
0 3 316
1 888 550
0 904 436
0 590 475
0 32 50
0 481 161
0 201 228
1 606 42
0 322 334
0 800 17
0 193 292
0 726 440
1 802 292
0 571 721
0 267 621
0 510 401
0 86 346
0 715 423
0 153 598
0 108 7
0 86 733
0 638 632
1 748 582
0 432 297
0 884 655
0 231 744
0 547 241
0 713 752
0 20 434
0 258 882
1 448 90
0 20 3
0 581 752
0 97 186
0 121 3
0 71 260
1 280 2
1 572 824
0 351 670
0 155 468
0 503 897
0 629 241
0 622 398
0 204 849
0 593 590
0 240 624
0 156 605
0 156 5
0 365 709
0 241 3
0 304 765
0 500 12
0 672 433
1 769 335
0 531 567
0 522 870
0 309 806
0 369 876
1 788 696
1 274 49
0 451 594
0 460 627
0 137 49
0 800 275
0 904 334
0 559 199
0 284 132
0 650 145
0 112 672
1 804 761
1 191 484
0 642 480
0 551 337
0 104 901
0 78 652
0 164 203
0 26 51
0 640 641
0 626 760
0 423 521
0 879 766
1 31 20
0 300 341
0 311 61
0 363 203
0 453 643
0 6 180
0 696 812
0 753 554
0 642 361
1 533 679
0 136 402
0 250 867
1 339 523
0 471 748
0 743 522
0 892 470
0 445 337
0 309 407
0 765 870
1 194 44
0 623 690
0 758 692
0 195 399
0 706 574
0 726 344
0 640 320
1 593 723
1 232 629
1 201 574
0 358 261
0 685 315
0 463 430
0 76 727
1 20 203
0 164 782
0 410 562
0 144 363
0 210 147
0 854 326
0 640 563
0 31 678
0 188 898
0 868 50
0 899 574
1 21 644
1 746 709
0 747 190
0 16 765
1 892 74
0 254 223
0 712 889
1 900 619
0 235 212
1 65 320
0 251 79
9
0 1 3 5 13 15 25 54 62