107988
1785 2000 1317 1268 1395
96
248
0 1
0 3
0 4
1 0
1 2
1 3
2 3
3 3
4 3
4 4
5 3
6 0
6 1
6 2
7 0
7 1
7 2
7 3
8 0
8 1
9 4
10 2
11 0
11 1
11 2
11 4
12 1
12 3
13 0
13 1
13 2
13 4
14 2
15 1
15 2
16 0
16 1
16 2
16 3
17 2
17 3
17 4
18 1
18 2
18 3
19 1
19 3
20 1
20 2
20 3
21 0
21 2
21 4
22 1
22 4
23 0
23 4
24 0
24 1
24 3
24 4
25 2
25 4
26 0
26 1
26 2
26 3
26 4
27 0
28 0
28 2
28 3
29 2
30 1
30 2
30 3
30 4
31 0
31 2
31 3
31 4
32 0
32 1
32 2
33 2
34 0
34 1
34 2
34 3
34 4
35 0
35 1
35 2
35 3
36 0
37 0
37 1
37 4
38 3
39 0
39 2
39 3
39 4
40 0
40 1
40 2
41 0
41 2
41 3
42 2
43 0
43 2
43 3
43 4
44 1
45 0
45 2
45 4
46 0
46 2
46 4
47 2
47 4
48 0
48 1
48 4
49 1
49 2
49 3
49 4
50 2
51 0
51 2
51 4
52 0
53 1
53 2
53 3
54 0
54 1
55 0
55 1
55 2
56 0
56 2
56 3
57 1
57 4
58 2
58 4
59 0
59 1
59 4
60 0
60 2
61 1
61 2
61 3
62 0
63 2
64 3
65 0
65 3
65 4
66 0
66 3
66 4
67 0
67 1
67 3
68 0
68 3
68 4
69 3
69 4
70 1
70 2
71 0
71 2
71 3
71 4
72 2
72 3
73 2
74 0
75 3
75 4
76 1
76 2
77 0
77 1
77 3
78 0
78 1
78 3
78 4
79 0
79 2
79 4
80 2
81 0
81 1
81 2
81 4
82 3
82 4
83 1
83 2
84 0
84 2
84 3
84 4
85 0
85 1
85 3
85 4
86 0
86 1
86 2
86 3
86 4
87 1
87 2
88 0
88 1
88 4
89 0
89 1
89 2
89 3
89 4
90 1
90 3
90 4
91 0
91 1
92 0
92 1
92 3
92 4
93 3
93 4
94 1
94 2
94 3
95 0
95 1
95 2
6
5
100
0 0 4717 0 0 1
0 1 6579 1 1 0
0 2 7283 1 0 0
0 3 7859 0 0 1
0 4 2841 1 1 0
0 5 9052 0 1 1
0 6 9933 0 1 0
0 7 7207 1 1 0
0 8 8722 1 0 0
0 9 8267 1 0 1
0 10 8874 0 0 1
1 11 8400 1 0 1
1 37 1582 1 0 1
0 13 5289 1 0 0
0 14 1334 1 0 0
0 15 7785 1 1 0
0 16 6673 0 1 1
0 17 9417 1 0 1
0 18 7898 0 1 0
0 19 9536 1 0 1
1 20 9298 1 0 1
0 41 8849 0 1 1
0 22 9110 0 1 0
0 23 9184 1 0 1
0 24 9996 0 1 0
1 25 8874 0 0 1
0 26 8571 0 1 0
0 27 9606 1 0 0
0 28 8200 0 0 1
0 29 9091 1 1 0
0 30 2834 1 0 0
0 31 3760 0 0 1
0 32 5443 0 1 0
1 33 9784 0 0 1
0 34 9761 1 1 0
1 35 8385 1 0 1
0 36 4897 1 0 0
1 37 7686 1 0 1
0 86 8959 0 1 0
0 39 8612 1 1 0
0 40 8737 1 1 0
1 41 9379 0 1 1
0 42 8013 1 0 1
0 43 5837 1 1 0
0 44 4960 1 0 1
0 45 9907 0 1 0
0 46 9955 0 1 1
0 47 5988 0 1 1
0 48 9024 1 0 0
0 49 1901 0 0 1
0 50 6563 1 1 0
1 51 4238 1 0 0
0 52 6914 0 1 0
0 53 8806 1 1 0
0 54 5857 1 0 1
0 55 4765 1 1 0
0 56 8087 0 0 1
0 57 8052 0 1 0
0 58 5958 1 0 1
0 59 8414 0 1 1
0 60 7567 0 1 1
0 61 4626 1 0 0
0 62 7370 1 0 1
0 9 4684 1 1 0
0 64 8577 0 0 1
0 65 9733 1 1 0
0 66 8955 1 1 0
0 67 8840 1 0 0
0 68 2671 0 0 1
1 69 9788 0 1 1
0 70 9191 0 0 1
0 4 5407 0 0 1
0 72 9891 1 1 0
0 73 7613 0 0 1
0 74 8477 0 1 0
0 75 9022 1 0 0
0 76 4695 0 1 0
1 77 3666 0 1 1
1 78 9795 0 1 0
1 79 8760 0 1 0
0 80 4476 1 0 1
0 81 6124 0 1 0
0 82 6748 1 0 1
1 83 5221 1 0 0
1 84 9331 0 0 1
0 85 8716 1 1 0
0 86 9398 1 1 0
0 87 9880 0 0 1
0 88 4292 0 0 1
0 89 8661 1 1 0
1 90 9698 1 0 1
0 91 8479 0 1 1
0 92 8332 1 0 0
0 93 6304 0 1 1
0 94 9968 0 1 0
0 95 9273 1 0 0
0 47 9912 0 1 1
0 2 9869 0 0 1
0 4 9558 1 1 0
0 29 7177 1 0 0
970
0 53129389 16755904 0 0 0
2 0 0 0 19037146 53490616
2 0 0 0 21529873 190387
0 113793027 136571850 0 0 0
2 0 0 0 80021314 3929119
0 25037334 1352106 0 0 0
1 18572623 0 250010 0 0
1 20017016 0 20151960 0 0
1 4000875 0 379603019 0 0
1 748513 0 6443098 0 0
0 42756685 442432093 0 0 0
2 0 0 0 15441330 48601755
1 331092 0 59109099 0 0
2 0 0 0 13396933 48685763
0 14598810 120879507 0 0 0
0 11828283 43747256 0 0 0
2 0 0 0 4336523 132538076
0 119465800 108390979 0 0 0
2 0 0 0 145251214 7944414
2 0 0 0 52027102 12806693
1 4542627 0 32547397 0 0
0 39387969 46567938 0 0 0
2 0 0 0 25672319 43848469
1 42333968 0 3212868 0 0
2 0 0 0 135568980 40115123
0 33244857 2280683 0 0 0
2 0 0 0 33601504 9758540
2 0 0 0 30185737 22396963
2 0 0 0 148952090 211714234
0 5925512 23932427 0 0 0
0 2946877 16271930 0 0 0
0 6615105 14250312 0 0 0
0 1579212 12168613 0 0 0
0 67328009 331950 0 0 0
1 116275729 0 18930183 0 0
1 134095634 0 42861835 0 0
2 0 0 0 44526758 1763653
2 0 0 0 41116303 1554403
2 0 0 0 294589073 149170346
1 144428 0 48556874 0 0
1 61384120 0 42351775 0 0
0 98171760 1045734 0 0 0
1 22857296 0 41719164 0 0
0 64498379 23765272 0 0 0
1 1491729 0 33917589 0 0
2 0 0 0 55921509 99112507
2 0 0 0 16982026 4760648
1 118670328 0 28704664 0 0
0 136758785 161416301 0 0 0
1 258961360 0 122912187 0 0
1 101070244 0 2785031 0 0
0 10316865 61531755 0 0 0
2 0 0 0 5271906 51291938
1 3981660 0 9267655 0 0
0 45460895 71507185 0 0 0
0 4645052 2448882 0 0 0
1 328629315 0 33208622 0 0
0 36890183 9449220 0 0 0
0 40891327 128054969 0 0 0
2 0 0 0 509 61472699
2 0 0 0 5995425 60176928
1 11254027 0 2923356 0 0
2 0 0 0 36038894 45875472
2 0 0 0 5886 74656
1 32140703 0 229032760 0 0
0 31602929 422833 0 0 0
2 0 0 0 20848920 1888293
1 3206875 0 36546124 0 0
1 3118000 0 219441410 0 0
2 0 0 0 47160727 24371564
0 9718394 167473152 0 0 0
1 140490074 0 10653195 0 0
1 53514100 0 167154681 0 0
2 0 0 0 59259981 5464017
1 146039337 0 41218330 0 0
1 8062630 0 66239235 0 0
0 474242010 15416388 0 0 0
1 2248964 0 34078790 0 0
1 21657816 0 222993707 0 0
0 1088583 2338545 0 0 0
1 885993 0 86732676 0 0
0 21825261 45597091 0 0 0
1 181025496 0 40419461 0 0
0 36271632 48344904 0 0 0
2 0 0 0 6908982 170923286
1 301798 0 21747054 0 0
2 0 0 0 257576313 23125860
0 3737823 10406850 0 0 0
1 10642895 0 56899482 0 0
1 5670441 0 234884665 0 0
1 52054650 0 17622113 0 0
1 1979083 0 8535821 0 0
2 0 0 0 37060884 47447921
1 22357839 0 68144073 0 0
0 31095296 22443769 0 0 0
2 0 0 0 199243967 430236
1 1622127 0 40246884 0 0
2 0 0 0 14250713 40942
2 0 0 0 49738439 14692799
2 0 0 0 118730511 186149831
2 0 0 0 14574083 101664630
0 15119225 695649 0 0 0
2 0 0 0 7042171 106572125
2 0 0 0 39641201 1672736
1 2126233 0 11066117 0 0
2 0 0 0 8533953 14116549
2 0 0 0 266393268 1596812
1 10926360 0 26133162 0 0
0 54217782 294407 0 0 0
2 0 0 0 93622033 44366931
0 7923377 3950277 0 0 0
2 0 0 0 81065978 1086691
0 22238561 90098890 0 0 0
0 52469905 32352904 0 0 0
1 246090407 0 24549830 0 0
2 0 0 0 2315927 77653857
0 111858641 70780815 0 0 0
0 219028060 57122559 0 0 0
2 0 0 0 92751064 14494047
1 4198925 0 2207853 0 0
2 0 0 0 79224286 145897594
2 0 0 0 7591819 7049966
2 0 0 0 87158668 54603096
2 0 0 0 67397591 1950515
2 0 0 0 227814581 36025523
0 8414771 2920541 0 0 0
2 0 0 0 172345662 1235968
2 0 0 0 4436 86755352
1 23377 0 318980081 0 0
2 0 0 0 11111134 62307100
1 71963989 0 22720433 0 0
1 74240083 0 200603451 0 0
0 4177 96603906 0 0 0
2 0 0 0 17325092 73387495
1 5604816 0 97675879 0 0
0 13539719 64618412 0 0 0
2 0 0 0 13325693 3473827
1 4290113 0 14191690 0 0
1 4361461 0 7644999 0 0
1 9879864 0 107502077 0 0
1 13077180 0 20576137 0 0
1 86548196 0 5281212 0 0
2 0 0 0 1556971 61271642
1 25534553 0 29922228 0 0
2 0 0 0 123704155 62776086
2 0 0 0 2342558 109276222
1 998533 0 147286 0 0
0 789965 159902661 0 0 0
1 70432915 0 3963719 0 0
0 14105047 18162450 0 0 0
0 15154893 4455109 0 0 0
2 0 0 0 3613956 7154866
2 0 0 0 3904481 43088673
0 54803063 134834271 0 0 0
1 239569267 0 16238042 0 0
2 0 0 0 14210482 39202704
2 0 0 0 2926934 19988894
2 0 0 0 240088112 61477987
0 7097047 58421636 0 0 0
1 39320253 0 9949292 0 0
1 177571461 0 65435701 0 0
2 0 0 0 62582777 6305030
0 1308620 32001456 0 0 0
2 0 0 0 1378994 3129193
2 0 0 0 42552564 258322537
0 67842408 12381087 0 0 0
2 0 0 0 44785673 2359453
2 0 0 0 92990637 18812
0 411364104 25068394 0 0 0
1 30457755 0 36076347 0 0
1 28214209 0 3386229 0 0
2 0 0 0 45053562 67751951
1 49212599 0 7913653 0 0
0 605048 5301629 0 0 0
1 54315665 0 43839486 0 0
0 41758726 1185276 0 0 0
2 0 0 0 1547107 14506962
0 127197508 917975 0 0 0
1 47005589 0 27218897 0 0
0 11753902 29662145 0 0 0
2 0 0 0 1246008 19262
1 132637265 0 58684264 0 0
2 0 0 0 241859251 96396
0 75806212 170340420 0 0 0
1 362513632 0 267858 0 0
0 925612 11872027 0 0 0
2 0 0 0 3980926 218972877
0 34628319 3289771 0 0 0
1 80673074 0 19964887 0 0
0 8130032 14534637 0 0 0
1 280193218 0 179994066 0 0
1 69589674 0 2560933 0 0
0 7948282 8105356 0 0 0
2 0 0 0 7233466 14964800
0 197817141 23290152 0 0 0
1 88232390 0 53219914 0 0
2 0 0 0 102687227 32849724
2 0 0 0 35404514 16459795
0 532522 66877488 0 0 0
0 243302521 54421685 0 0 0
2 0 0 0 388188342 17019419
0 952313 5964372 0 0 0
0 6102765 14501127 0 0 0
1 2112485 0 678626836 0 0
2 0 0 0 24790496 11229316
2 0 0 0 14327303 20790877
2 0 0 0 19081926 1995794
2 0 0 0 180438475 376863392
2 0 0 0 735184 104326414
1 46048008 0 22237594 0 0
2 0 0 0 5926146 152524722
2 0 0 0 82018975 33456087
1 150082788 0 17939839 0 0
1 74259026 0 194908511 0 0
1 41253364 0 2057935 0 0
0 129424378 430308 0 0 0
1 23298084 0 124952678 0 0
1 7716000 0 44629246 0 0
0 200651 8052744 0 0 0
2 0 0 0 174327069 42824138
1 3519728 0 8951775 0 0
2 0 0 0 6660650 295358282
1 19045538 0 29408499 0 0
2 0 0 0 6454622 25559929
1 2617268 0 6752843 0 0
1 50881657 0 95451751 0 0
1 53536421 0 12483935 0 0
0 12163750 87009814 0 0 0
0 361091 48523621 0 0 0
0 6023881 5180210 0 0 0
0 27367095 4562505 0 0 0
2 0 0 0 18845283 1487911
2 0 0 0 34075402 707797
1 41956948 0 33137327 0 0
0 22733020 37494256 0 0 0
2 0 0 0 87507249 8146994
0 9788774 2745092 0 0 0
1 19836779 0 124728093 0 0
0 33385294 109172135 0 0 0
0 197815315 273837843 0 0 0
1 1426700 0 117843733 0 0
0 47804619 217963721 0 0 0
0 37423681 5657298 0 0 0
2 0 0 0 154044358 37656613
1 48869572 0 201735624 0 0
0 1524876 4837610 0 0 0
1 5925558 0 84559 0 0
0 22118851 4393805 0 0 0
0 62968563 304519054 0 0 0
2 0 0 0 6363417 1730348
2 0 0 0 6016453 6896633
2 0 0 0 2822129 150256558
0 42184800 96981589 0 0 0
2 0 0 0 19437363 2528090
1 790739 0 21254515 0 0
0 116774144 26084976 0 0 0
1 97624874 0 135116190 0 0
2 0 0 0 766160 21015528
2 0 0 0 3778924 22421661
2 0 0 0 1805340 97678349
1 55002473 0 11543407 0 0
2 0 0 0 78867179 608932
1 1509950 0 505841 0 0
2 0 0 0 28551842 13779234
1 97500671 0 8658025 0 0
0 109448883 86955494 0 0 0
2 0 0 0 292789230 127798619
1 7582769 0 38643499 0 0
1 4172049 0 4444926 0 0
0 358500720 35283209 0 0 0
2 0 0 0 979691 4223352
2 0 0 0 21888816 112487
0 6080 538554 0 0 0
2 0 0 0 97935 6150748
1 110987887 0 734816 0 0
1 2464887 0 62812208 0 0
1 19610459 0 53732777 0 0
0 6569282 299808407 0 0 0
0 35502038 11978819 0 0 0
1 80491054 0 18732754 0 0
0 140664492 11338918 0 0 0
0 145845 41101772 0 0 0
0 17119635 80933 0 0 0
2 0 0 0 26680073 13250465
2 0 0 0 1922604 78903777
2 0 0 0 77692248 3792873
1 341265 0 98055559 0 0
0 212910 13740779 0 0 0
2 0 0 0 431665 210083803
0 15707934 243816484 0 0 0
2 0 0 0 32220376 40166888
1 66141731 0 37451 0 0
1 1704003 0 2823885 0 0
0 30742234 4576580 0 0 0
2 0 0 0 51065150 11837788
2 0 0 0 965206 34465963
0 11599374 55995860 0 0 0
1 5906579 0 36542478 0 0
2 0 0 0 2754750 6445563
0 132458 197354073 0 0 0
1 41839405 0 84414684 0 0
1 253747302 0 269333451 0 0
1 122273521 0 80738609 0 0
1 263741030 0 40069960 0 0
2 0 0 0 88223944 4840382
0 162557341 56526044 0 0 0
2 0 0 0 32583756 2607548
2 0 0 0 1305791 2684203
1 9232935 0 74741688 0 0
2 0 0 0 24518891 56619367
2 0 0 0 3118098 535936
0 21100985 91322511 0 0 0
0 47449430 77617369 0 0 0
2 0 0 0 54496107 48192
1 127627928 0 2990823 0 0
0 11530990 111101924 0 0 0
2 0 0 0 9310007 426532018
2 0 0 0 201219510 158252403
2 0 0 0 13772018 7105832
2 0 0 0 1082586 106026449
2 0 0 0 250842 7912168
1 2907400 0 5510585 0 0
0 17500 47642803 0 0 0
2 0 0 0 7930179 39188014
1 7853150 0 15619820 0 0
0 7164898 4290890 0 0 0
1 12107142 0 20761005 0 0
1 16512826 0 115471418 0 0
1 257174698 0 181385408 0 0
2 0 0 0 137036480 82764968
2 0 0 0 1161011 4248934
0 127528738 1457823 0 0 0
1 936751 0 72741 0 0
2 0 0 0 103550608 266383894
0 1121722 27824144 0 0 0
2 0 0 0 59928911 28953865
1 81578910 0 94266822 0 0
0 12308502 10259919 0 0 0
1 14188080 0 271318035 0 0
1 66846011 0 448459493 0 0
2 0 0 0 10260447 320778610
0 406100448 58390494 0 0 0
2 0 0 0 14861850 5910078
1 20964101 0 321996868 0 0
2 0 0 0 268646817 160484672
1 7594896 0 154191103 0 0
2 0 0 0 125459204 33854956
2 0 0 0 11111979 34725223
2 0 0 0 4509821 422522230
2 0 0 0 89025500 110774322
1 4128921 0 151589921 0 0
0 1161446 25034297 0 0 0
1 11055741 0 37496474 0 0
1 1153889 0 48974815 0 0
2 0 0 0 4145600 250286
1 6867894 0 6092429 0 0
2 0 0 0 19265344 6469095
2 0 0 0 10802052 88136024
1 27604193 0 1224923 0 0
1 143 0 6937056 0 0
0 2420965 101597529 0 0 0
1 1149947 0 106888918 0 0
2 0 0 0 90365176 92426581
1 39637596 0 165036897 0 0
0 10729062 3627132 0 0 0
2 0 0 0 217688127 998740
2 0 0 0 45743091 24104841
2 0 0 0 1370684 98389467
0 51977479 23705878 0 0 0
1 28889530 0 64725245 0 0
1 16918914 0 1838306 0 0
2 0 0 0 27188779 2020187
2 0 0 0 5584300 23185787
2 0 0 0 14587517 8206448
0 18044296 12889596 0 0 0
1 12511728 0 207879091 0 0
0 8414154 10059015 0 0 0
1 1252742 0 124714 0 0
0 4903664 239821759 0 0 0
2 0 0 0 726705 3800710
2 0 0 0 24378925 38948912
2 0 0 0 58980946 6710959
0 520009 136093319 0 0 0
1 997728 0 1905707 0 0
1 126077561 0 783480 0 0
0 31054277 22314855 0 0 0
1 54628489 0 16193556 0 0
0 3010090 4982887 0 0 0
0 136295213 16505596 0 0 0
0 494732678 502491085 0 0 0
2 0 0 0 8628610 386193612
2 0 0 0 2420928 64215821
0 12183182 45213291 0 0 0
2 0 0 0 72754703 2873296
0 21494315 7384035 0 0 0
1 62585243 0 8910453 0 0
0 111201248 4427577 0 0 0
0 103555478 40876340 0 0 0
2 0 0 0 367005807 205195
2 0 0 0 284647163 55773008
1 3260738 0 5475864 0 0
1 23889904 0 66564208 0 0
2 0 0 0 5611930 34504385
0 9357437 109019778 0 0 0
2 0 0 0 6600951 68206469
2 0 0 0 223184832 22502754
0 4417492 22773394 0 0 0
1 120915853 0 17401510 0 0
0 448983328 5974185 0 0 0
2 0 0 0 36589203 37315469
2 0 0 0 23859097 7724885
0 54891144 28356023 0 0 0
1 26506453 0 26978743 0 0
2 0 0 0 46237 109147
2 0 0 0 6254091 120941986
0 33375136 87200793 0 0 0
1 2114540 0 4617883 0 0
2 0 0 0 2051650 160700370
0 375285728 46821256 0 0 0
1 147736354 0 64167735 0 0
1 29502321 0 174143780 0 0
2 0 0 0 226182 82783631
2 0 0 0 12681984 21264006
2 0 0 0 19087785 35849142
1 3935596 0 7662169 0 0
0 871342 25420620 0 0 0
2 0 0 0 11808587 32543417
1 36741416 0 31479290 0 0
2 0 0 0 102564308 40176269
1 23001539 0 133990818 0 0
0 31563140 24943776 0 0 0
2 0 0 0 1776962 203941
0 2120905 6316672 0 0 0
2 0 0 0 88330399 8587126
2 0 0 0 123220280 109227439
2 0 0 0 6533150 25863880
0 26086641 10446608 0 0 0
0 35816987 1591387 0 0 0
0 19805549 2379673 0 0 0
1 39944983 0 2662930 0 0
2 0 0 0 41373 54425933
0 38488442 121946038 0 0 0
1 773131 0 354900438 0 0
1 16225459 0 46860016 0 0
2 0 0 0 45201 131766353
2 0 0 0 9985521 922589
2 0 0 0 2034802 60404863
0 64698243 2513433 0 0 0
1 5581943 0 60497809 0 0
1 3740136 0 67999250 0 0
1 31842910 0 137853376 0 0
1 68025129 0 3142908 0 0
0 8115416 17450330 0 0 0
2 0 0 0 6232550 45191593
0 89575001 6204848 0 0 0
1 57126846 0 10273936 0 0
1 6884733 0 146617150 0 0
1 188716163 0 68946 0 0
1 40578186 0 154841492 0 0
2 0 0 0 111091417 13816887
2 0 0 0 8003585 38245396
1 176681249 0 227398826 0 0
1 262250942 0 3722504 0 0
1 5286192 0 1874025 0 0
0 3962857 2349477 0 0 0
1 18987192 0 121315723 0 0
0 887672 59656679 0 0 0
2 0 0 0 73238890 530695723
2 0 0 0 12242457 26725655
2 0 0 0 1342759 65791854
2 0 0 0 296634363 158550749
1 3710722 0 85145366 0 0
2 0 0 0 17866691 69151848
1 532442563 0 26205673 0 0
0 179316968 68886820 0 0 0
1 2358942 0 80121678 0 0
1 12070274 0 223217153 0 0
1 37600597 0 79485505 0 0
1 16173535 0 76823793 0 0
1 51842227 0 1384248 0 0
1 24741317 0 208337406 0 0
0 54947165 25184801 0 0 0
1 1347426 0 180393770 0 0
2 0 0 0 44213363 368314081
1 484625 0 127234495 0 0
1 24957768 0 6481553 0 0
1 1735641 0 47965883 0 0
1 4307960 0 109557480 0 0
2 0 0 0 18777929 124802606
1 633768 0 15556323 0 0
1 60255565 0 3219115 0 0
0 3231690 13042063 0 0 0
0 115439984 3576665 0 0 0
2 0 0 0 2740771 94516591
1 5466682 0 133898796 0 0
2 0 0 0 8347671 14884554
0 32314806 37564420 0 0 0
1 328817435 0 233466209 0 0
0 82355962 44594742 0 0 0
0 23091926 23862061 0 0 0
2 0 0 0 4075199 71608944
2 0 0 0 56894887 57012035
2 0 0 0 42490505 29370291
0 36717622 83599526 0 0 0
2 0 0 0 57214437 500200
0 7512442 131350021 0 0 0
0 69222036 435491593 0 0 0
2 0 0 0 16586383 1183212
0 1877609 47916178 0 0 0
0 1754624 29054402 0 0 0
1 2529401 0 5102985 0 0
0 11399475 54350051 0 0 0
1 15552628 0 30076907 0 0
1 4753138 0 17569071 0 0
2 0 0 0 69462545 61756016
1 5202571 0 1301914 0 0
1 15885002 0 21851107 0 0
2 0 0 0 91307074 47077
2 0 0 0 1558914 2959595
2 0 0 0 128356853 44577544
0 60758527 11029976 0 0 0
1 6998893 0 744627 0 0
2 0 0 0 6118680 3282278
2 0 0 0 97266507 70588636
1 1010235 0 411448 0 0
0 7993939 20110238 0 0 0
1 30375127 0 19432 0 0
0 19919 64112269 0 0 0
2 0 0 0 3315418 42542655
2 0 0 0 1729467 10301788
1 291902444 0 24911412 0 0
2 0 0 0 30567557 6775038
0 73244 47613606 0 0 0
1 62318591 0 416452684 0 0
1 48002447 0 2908627 0 0
1 160463784 0 37169208 0 0
2 0 0 0 11890224 244348699
1 433516 0 3487734 0 0
0 268721 650935104 0 0 0
1 1760826 0 9136191 0 0
2 0 0 0 49754097 701867
1 44848 0 54115000 0 0
0 4074278 82338015 0 0 0
2 0 0 0 3831484 279368
0 3174288 15330071 0 0 0
0 147456 62431649 0 0 0
2 0 0 0 161078414 139092090
2 0 0 0 14805582 8040371
2 0 0 0 18675733 103706389
2 0 0 0 48495569 3767224
2 0 0 0 12240197 4195556
2 0 0 0 189358284 5303709
0 183561 427877 0 0 0
0 130789804 91723089 0 0 0
0 330336846 61868 0 0 0
2 0 0 0 165960799 12140050
0 95858581 32705372 0 0 0
2 0 0 0 331792743 72975171
2 0 0 0 21211914 3464192
1 12018477 0 65079667 0 0
1 82872677 0 224548529 0 0
1 136262162 0 3069772 0 0
2 0 0 0 12203788 8341235
1 64634651 0 354671 0 0
1 5875217 0 48120156 0 0
1 17324103 0 12989380 0 0
0 18143875 209609895 0 0 0
1 23202330 0 116881075 0 0
1 504627531 0 15811299 0 0
1 9016663 0 64065902 0 0
2 0 0 0 2917899 118316390
2 0 0 0 245117929 44665539
2 0 0 0 470702 6729886
0 19248743 40911549 0 0 0
1 53579489 0 91961112 0 0
1 5088962 0 7792985 0 0
1 213430085 0 123541411 0 0
1 3400577 0 4641623 0 0
1 9928170 0 94111561 0 0
0 391675 14989484 0 0 0
1 76449177 0 25007776 0 0
2 0 0 0 34461626 20059949
0 53012019 1144387 0 0 0
2 0 0 0 1417577 144977726
2 0 0 0 13295536 4044058
1 2077954 0 23910996 0 0
0 16338808 248853799 0 0 0
2 0 0 0 83328621 3345509
1 29552438 0 389795613 0 0
2 0 0 0 1444666 34647565
0 147220852 1789465 0 0 0
1 115021017 0 144125513 0 0
1 97497071 0 84173698 0 0
2 0 0 0 56639164 194118202
1 679361 0 115914592 0 0
0 73739355 288307027 0 0 0
0 1155687 768786 0 0 0
0 72151 175371871 0 0 0
2 0 0 0 3644657 4567042
1 47353223 0 27986801 0 0
1 37147172 0 205991 0 0
2 0 0 0 67742467 79099943
2 0 0 0 9679467 10402
2 0 0 0 8058065 184402
2 0 0 0 7240053 12751549
2 0 0 0 12250273 23556406
1 19041786 0 137399907 0 0
0 82124331 238372988 0 0 0
0 67332692 36233612 0 0 0
0 340122 14719179 0 0 0
0 12628689 2061173 0 0 0
2 0 0 0 20313925 4717483
1 85678255 0 78080291 0 0
2 0 0 0 5904398 33473807
2 0 0 0 12967668 38928265
1 2991933 0 26095722 0 0
0 41402806 445823563 0 0 0
1 94597948 0 8177046 0 0
2 0 0 0 190582483 7409251
1 132090324 0 56407764 0 0
2 0 0 0 144061359 62170422
0 25715241 66618242 0 0 0
1 31416184 0 22373638 0 0
2 0 0 0 12535438 51563781
1 54102990 0 78571563 0 0
1 846629 0 23053522 0 0
0 3924587 13215934 0 0 0
0 4203439 29316586 0 0 0
2 0 0 0 8000933 63941911
1 13203206 0 17987812 0 0
0 4837473 3938257 0 0 0
0 30502752 502024 0 0 0
0 14229071 9964272 0 0 0
0 78518747 41605781 0 0 0
0 46997582 3543812 0 0 0
0 20778551 15768190 0 0 0
1 15338635 0 412438178 0 0
1 640102 0 16506896 0 0
0 1460096 18921446 0 0 0
1 140897539 0 179269095 0 0
2 0 0 0 278835507 50392
2 0 0 0 15756946 66272822
1 19676111 0 51964410 0 0
0 87717730 27105024 0 0 0
1 57675789 0 51826325 0 0
2 0 0 0 13260213 109047614
0 625660335 18547632 0 0 0
0 21408528 5796728 0 0 0
1 176934443 0 161121367 0 0
1 57965182 0 2717649 0 0
0 21824053 7272502 0 0 0
1 225031 0 126460 0 0
0 133129969 108214470 0 0 0
0 40406 15819906 0 0 0
2 0 0 0 51919806 38770352
0 2035099 4136122 0 0 0
0 10960 101108716 0 0 0
0 18432379 49436411 0 0 0
0 2466953 15621790 0 0 0
0 14509430 42231669 0 0 0
2 0 0 0 24227418 320240
0 9540994 28837994 0 0 0
0 244780562 51914801 0 0 0
1 803323 0 10978887 0 0
2 0 0 0 31187821 189315689
2 0 0 0 79045521 56457649
1 772736 0 106530377 0 0
1 6937474 0 21139482 0 0
1 278973921 0 27342975 0 0
2 0 0 0 68708773 108218250
2 0 0 0 34059562 402253
0 121471151 6862782 0 0 0
2 0 0 0 179358781 53687734
1 9892338 0 17972233 0 0
0 44064968 19850469 0 0 0
2 0 0 0 185064030 172068
0 1601634 46726010 0 0 0
2 0 0 0 275440749 2270836
2 0 0 0 509880 69097246
1 10864399 0 91538208 0 0
2 0 0 0 23393648 239985558
0 20637082 26933007 0 0 0
1 85270974 0 191993098 0 0
1 177723896 0 1571508 0 0
0 97701091 37245463 0 0 0
2 0 0 0 49329810 221223812
1 175519975 0 461105 0 0
0 20112494 5457290 0 0 0
1 4143611 0 100464759 0 0
1 31497692 0 17430171 0 0
2 0 0 0 205323 95015337
1 263460474 0 54487091 0 0
1 363458 0 84165579 0 0
0 1091521 1119481 0 0 0
2 0 0 0 13881847 183615779
0 120553378 22808645 0 0 0
2 0 0 0 31661985 13878693
0 21235650 38708723 0 0 0
0 222098316 103764744 0 0 0
2 0 0 0 112303510 266087642
2 0 0 0 28739506 114474505
2 0 0 0 21222458 81996079
0 6878380 16866086 0 0 0
2 0 0 0 77576683 15316066
0 51381528 105480548 0 0 0
2 0 0 0 18905489 9333138
1 83617300 0 6208938 0 0
1 64386271 0 28847089 0 0
2 0 0 0 22337266 45330946
1 24692156 0 2427828 0 0
1 389891 0 10416135 0 0
1 18488609 0 33393664 0 0
1 66400502 0 179418 0 0
2 0 0 0 32094557 28620445
0 9013488 84720465 0 0 0
1 222250601 0 24530825 0 0
0 6938482 5157478 0 0 0
1 14397627 0 204726055 0 0
0 86324423 2992073 0 0 0
2 0 0 0 14495585 95534345
0 313375 25113227 0 0 0
1 181577728 0 2673770 0 0
1 22249584 0 339666299 0 0
0 14416125 8850610 0 0 0
0 4483094 15519355 0 0 0
2 0 0 0 3673278 2682937
2 0 0 0 45189931 18980450
1 344733 0 17523680 0 0
0 32222911 22951189 0 0 0
0 116342639 3197397 0 0 0
2 0 0 0 307945584 144381244
1 425416476 0 14132228 0 0
2 0 0 0 1625509 14969
2 0 0 0 31417143 72494053
0 63814676 46703112 0 0 0
1 33264917 0 4855276 0 0
0 6295635 6892716 0 0 0
0 78842991 17134864 0 0 0
0 22189670 9612101 0 0 0
0 52892820 21694805 0 0 0
1 52220562 0 257211503 0 0
1 96213826 0 705906 0 0
1 21092008 0 133951883 0 0
1 147572042 0 11721471 0 0
1 120046 0 13078707 0 0
0 16599611 134203533 0 0 0
1 4098258 0 13914604 0 0
1 119385837 0 120802647 0 0
0 94523281 2687605 0 0 0
0 91309483 1128165 0 0 0
0 948060 12572114 0 0 0
2 0 0 0 10951345 63860634
2 0 0 0 3212964 364362543
0 141332664 71423493 0 0 0
1 1026489 0 34838523 0 0
0 12991897 7601826 0 0 0
1 1326139 0 54206706 0 0
0 16296644 37213328 0 0 0
1 154856497 0 98861846 0 0
1 24730399 0 4760798 0 0
2 0 0 0 3933491 75667
0 12234455 18894162 0 0 0
1 63610303 0 8252812 0 0
1 30716215 0 981947 0 0
2 0 0 0 4561369 41179720
0 1346148 5141796 0 0 0
1 326193230 0 92101850 0 0
2 0 0 0 57389229 27640934
1 239584 0 11715714 0 0
2 0 0 0 9457700 72972747
0 37446 11906498 0 0 0
1 9950732 0 2578252 0 0
1 232343795 0 10610847 0 0
2 0 0 0 26446545 48526698
0 11234963 5507065 0 0 0
0 7704000 6939320 0 0 0
2 0 0 0 10873774 5058885
1 210710273 0 267929499 0 0
2 0 0 0 21517261 3830598
1 47110754 0 91534762 0 0
0 18163431 34562203 0 0 0
0 213503277 8344200 0 0 0
2 0 0 0 67260502 119505015
2 0 0 0 91657916 151808347
2 0 0 0 21903078 34578054
2 0 0 0 802503 16852339
2 0 0 0 7280195 64593730
2 0 0 0 156801 2187338
0 23219846 274021442 0 0 0
0 181674835 56356185 0 0 0
2 0 0 0 35949613 15519785
2 0 0 0 9926184 230045056
0 8532719 44395003 0 0 0
1 3672061 0 2880834 0 0
2 0 0 0 4021790 85506440
2 0 0 0 105408860 36079606
0 227223137 2413965 0 0 0
2 0 0 0 105186260 4260494
1 15198642 0 333807301 0 0
1 47663644 0 20659674 0 0
0 26324414 13737716 0 0 0
0 58215708 2158397 0 0 0
0 13424768 92718632 0 0 0
2 0 0 0 8126458 1413321
1 1996705 0 59606958 0 0
1 3458241 0 26721270 0 0
0 129113995 80202033 0 0 0
2 0 0 0 111906917 21782570
2 0 0 0 91721750 352095814
1 18006772 0 72186984 0 0
2 0 0 0 5604179 2937223
2 0 0 0 217802717 50047774
2 0 0 0 11923936 3444127
2 0 0 0 8810642 62293784
1 115900749 0 2752620 0 0
0 17817907 2192977 0 0 0
0 42637823 30108323 0 0 0
2 0 0 0 148152817 15114193
1 16980024 0 8221700 0 0
1 9100625 0 11271639 0 0
0 19254567 6643967 0 0 0
0 8053312 85545632 0 0 0
2 0 0 0 5343207 4729578
2 0 0 0 17412802 20254532
2 0 0 0 6695545 29754436
1 124505710 0 57681400 0 0
1 1827044 0 2553298 0 0
1 106406191 0 33757255 0 0
1 782143 0 10946261 0 0
1 27141556 0 1211431 0 0
2 0 0 0 205337880 88791199
0 5678235 8310687 0 0 0
1 399206 0 161540531 0 0
2 0 0 0 6842275 29202915
0 31950524 279586602 0 0 0
2 0 0 0 79445474 130660778
1 1512423 0 33255925 0 0
1 100687781 0 135759009 0 0
2 0 0 0 6700867 35612635
1 2193384 0 61965739 0 0
1 78415768 0 50551534 0 0
1 23774679 0 21249682 0 0
0 80396980 122230835 0 0 0
2 0 0 0 3274833 42168427
2 0 0 0 859110 26689940
1 191155633 0 70258880 0 0
0 60443032 661910 0 0 0
2 0 0 0 126650291 91924031
2 0 0 0 175641339 759360
2 0 0 0 28474914 273968031
0 65837497 17996783 0 0 0
2 0 0 0 224621651 110295005
2 0 0 0 34934190 143925479
1 8054153 0 257857479 0 0
1 78375486 0 519168 0 0
2 0 0 0 14236636 20185445
2 0 0 0 67617646 14124452
0 13383706 47923644 0 0 0
1 126393510 0 54741865 0 0
1 253362788 0 7413837 0 0
0 166373316 196627259 0 0 0
1 27657141 0 163108660 0 0
1 1743172 0 168135 0 0
2 0 0 0 10431812 1119381
0 84322785 10988467 0 0 0
0 28846779 994528 0 0 0
0 2492970 95568210 0 0 0
1 133265541 0 12505342 0 0
1 238996562 0 4865448 0 0
1 131921908 0 88519926 0 0
0 43748186 18156874 0 0 0
2 0 0 0 48736441 5981888
2 0 0 0 105527613 33207563
0 108359444 5831660 0 0 0
0 22210961 141569892 0 0 0
0 63124775 21906175 0 0 0
1 90282274 0 71199773 0 0
0 16406326 23668994 0 0 0
1 15709967 0 307619624 0 0
0 10779142 81255817 0 0 0
2 0 0 0 10652318 61284030
0 17620 44080190 0 0 0
1 62950301 0 21481583 0 0
1 99054983 0 232515963 0 0
0 19477642 66456557 0 0 0
1 4264956 0 28863322 0 0
2 0 0 0 16055675 47942645
0 11554985 52270950 0 0 0
0 489422792 22119673 0 0 0
2 0 0 0 18649189 17273957
1 35738291 0 4016151 0 0
1 21396157 0 315392165 0 0
2 0 0 0 136416158 133431857
0 136344461 12130488 0 0 0
2 0 0 0 152938678 24357836
0 142774711 4347326 0 0 0
2 0 0 0 18348736 101931647
1 35262112 0 51857750 0 0
0 36180959 17798028 0 0 0
0 43632249 68759100 0 0 0
0 63784690 24933649 0 0 0
2 0 0 0 4935678 312534106
2 0 0 0 320492 7626262
1 41 0 147765486 0 0
2 0 0 0 18223938 38448417
0 851955 217121871 0 0 0
1 160844056 0 28496536 0 0
1 99235239 0 26184683 0 0
0 20918193 141303384 0 0 0
1 16336423 0 469493 0 0
0 29258661 46858076 0 0 0
0 169833 57697454 0 0 0
2 0 0 0 13065343 55738429
1 473039349 0 507476 0 0
2 0 0 0 565111 15448732
0 17136245 31144735 0 0 0
2 0 0 0 53931 5710435
0 360031599 38577028 0 0 0
1 19333833 0 264830021 0 0
1 909526 0 120612065 0 0
1 114538360 0 14882883 0 0
0 51417758 40766205 0 0 0
2 0 0 0 129341094 719934
1 47090407 0 18583922 0 0
2 0 0 0 2227941 27948694
0 931240 94833278 0 0 0
1 20566023 0 91342448 0 0
1 33151703 0 8332782 0 0
2 0 0 0 4272992 759460
1 9854091 0 61617240 0 0
0 3780817 19420505 0 0 0
2 0 0 0 49247604 2933080
2 0 0 0 88553519 212898453
0 333090480 20785414 0 0 0
1 93630991 0 55629727 0 0
0 4663 270020940 0 0 0
0 3245332 6257813 0 0 0
2 0 0 0 3461753 7169650
2 0 0 0 11476411 1374233
1 585952026 0 335882112 0 0
1 18507226 0 53860845 0 0
2 0 0 0 225629 155896572
2 0 0 0 2211804 21308864
0 4642023 18927449 0 0 0
1 111135416 0 5387085 0 0
2 0 0 0 11335269 90413664
1 26104143 0 27998348 0 0
2 0 0 0 102201280 17251855
1 2065954 0 170947497 0 0
0 13385772 7159758 0 0 0
1 5184753 0 231469301 0 0
0 28847680 11182411 0 0 0
0 31956919 25777154 0 0 0
2 0 0 0 362213 89252001
2 0 0 0 66163114 7841152
1 218747970 0 2622570 0 0
2 0 0 0 1586187 81064289
2 0 0 0 21845533 11510485
2 0 0 0 38278554 37492891
0 14021579 16325351 0 0 0
0 450892760 22514356 0 0 0
0 39113422 237243987 0 0 0
0 6406593 31453311 0 0 0
2 0 0 0 139725356 57322570
0 115654487 1064445 0 0 0
2 0 0 0 39151949 17391083
0 2611289 179871104 0 0 0
0 46048038 76805499 0 0 0
1 178985621 0 71373089 0 0
0 50358496 77800609 0 0 0
976
1 702 48
0 702 969
0 969 386
1 48 175
1 386 437
0 175 475
0 475 610
0 175 143
0 702 588
0 48 333
0 588 133
0 133 5
0 610 57
0 5 179
0 588 695
1 48 524
0 48 556
0 588 21
0 48 739
0 556 142
0 588 900
0 21 235
0 235 580
0 695 547
0 48 12
0 695 152
0 175 53
0 235 536
1 475 20
0 695 891
0 12 833
0 20 632
0 833 93
0 386 436
0 333 211
0 21 361
0 143 669
0 632 26
0 969 934
0 547 429
1 891 619
0 580 301
0 179 60
0 934 931
1 695 504
0 53 120
0 556 2
0 556 936
0 26 128
0 333 732
1 333 451
0 702 462
0 60 941
0 969 786
1 536 641
0 833 113
0 57 918
0 386 101
0 580 84
0 48 714
0 48 544
1 5 332
1 714 827
1 900 280
0 211 596
0 931 404
0 332 787
0 436 365
0 580 77
0 429 440
0 5 205
0 2 159
0 133 61
0 891 368
0 969 716
0 934 636
0 235 717
0 632 178
0 368 234
0 368 621
1 714 783
0 632 364
0 544 646
0 669 265
0 547 47
0 619 425
0 619 49
0 53 151
0 580 885
1 386 0
1 621 377
1 588 653
0 732 156
0 827 98
0 151 51
0 20 768
0 918 286
1 333 529
0 440 854
0 273 339
0 29 472
0 346 904
0 768 490
0 246 724
0 737 709
0 110 623
0 312 502
0 472 851
0 304 754
0 332 651
0 94 161
0 841 104
0 572 776
0 471 605
0 872 173
0 318 809
0 892 39
0 723 910
0 212 910
1 444 519
0 373 778
0 321 889
0 774 457
0 207 697
0 542 4
0 585 629
0 890 521
0 100 693
0 838 954
0 100 539
0 427 412
0 85 720
0 280 835
0 740 917
1 52 165
0 579 769
0 372 530
0 574 738
0 742 378
1 81 405
0 263 668
0 680 122
0 864 124
0 645 94
0 154 560
0 723 212
0 315 878
0 542 649
0 300 468
0 560 913
0 597 788
0 632 484
0 573 950
0 471 92
0 233 461
0 63 601
0 362 408
0 953 638
0 12 812
0 260 40
0 683 381
0 270 841
0 847 871
0 223 435
0 115 730
0 828 345
0 861 675
0 615 746
0 125 628
0 320 528
0 116 954
1 268 921
1 143 577
0 611 4
0 406 266
0 770 249
0 798 809
0 962 925
0 642 25
0 544 395
0 705 14
0 938 335
0 921 214
0 282 635
0 572 634
0 89 809
0 699 482
0 474 600
0 590 888
0 793 129
0 172 381
0 264 925
0 953 657
0 615 899
0 345 410
0 679 674
0 465 794
0 587 80
0 722 770
0 754 718
0 754 794
0 536 50
0 98 270
0 289 585
1 382 868
0 185 31
0 969 402
0 415 912
0 291 952
1 847 899
0 958 557
0 671 481
0 565 196
0 252 945
0 111 492
0 852 766
0 883 704
1 18 422
0 515 374
0 460 793
0 525 32
0 636 450
1 531 904
0 417 528
0 904 738
0 817 627
0 909 204
0 243 144
0 742 472
1 383 705
0 745 733
0 865 680
0 815 68
0 90 376
1 916 684
0 469 14
0 895 432
0 198 620
0 573 32
0 748 701
0 642 649
0 882 819
0 935 738
0 90 794
0 316 946
0 911 127
0 643 631
0 775 798
0 485 381
0 523 219
1 635 496
0 135 319
0 16 728
0 969 277
0 664 601
0 572 236
0 699 164
0 224 650
0 672 124
1 531 623
0 819 629
0 435 165
0 204 575
0 431 868
0 133 479
0 181 480
0 872 749
1 108 868
0 867 480
0 376 262
0 24 626
0 78 554
0 452 496
1 395 856
0 700 788
0 483 308
0 803 655
1 448 445
0 260 288
0 865 809
0 442 923
0 471 824
0 627 109
0 12 168
0 54 289
0 761 818
0 722 590
1 723 412
0 672 139
0 415 435
1 216 861
0 439 950
0 14 738
1 298 74
0 882 13
0 395 329
0 798 846
0 934 704
0 228 19
1 12 937
1 870 292
0 790 109
0 654 262
0 952 305
0 939 448
0 598 674
0 296 638
0 240 707
1 554 86
0 339 446
0 70 408
0 147 174
1 664 603
0 865 741
0 336 904
0 297 634
0 395 135
0 642 351
1 651 756
1 126 769
0 328 391
0 559 590
0 657 376
0 455 751
0 264 435
0 240 954
1 969 184
0 15 214
0 953 263
1 277 925
0 40 763
0 697 245
0 847 794
0 7 766
0 55 546
0 200 557
0 839 188
0 470 623
0 189 371
0 233 450
1 159 847
0 363 962
0 527 592
0 508 649
1 190 709
0 662 728
0 635 532
0 735 866
0 884 613
1 395 137
0 766 925
1 30 540
0 596 503
0 406 435
0 113 851
0 51 503
1 561 847
0 876 688
0 7 115
0 362 46
0 552 746
1 556 325
0 225 625
0 385 157
0 330 788
0 224 591
0 22 851
0 74 706
0 409 850
0 81 763
0 125 850
0 750 315
0 96 693
0 88 423
1 447 836
0 135 628
1 292 718
0 632 420
0 556 264
0 463 871
0 927 166
1 288 647
0 941 87
0 877 99
1 36 131
1 165 446
0 897 304
1 185 731
0 419 573
0 655 359
0 663 522
0 710 764
0 431 108
0 958 137
0 13 483
0 257 575
0 887 809
0 164 846
0 588 27
1 733 446
0 67 126
0 741 24
0 472 793
0 580 646
0 154 648
0 480 308
0 412 435
0 291 924
0 232 895
0 579 850
0 250 240
0 667 579
0 309 615
0 676 465
0 278 281
0 834 861
0 831 260
0 310 856
0 457 595
1 452 705
0 298 96
0 653 805
0 231 727
0 372 897
0 652 609
0 147 915
0 790 412
1 764 129
1 530 353
0 240 950
1 715 693
1 513 563
1 806 852
0 765 239
0 57 550
0 328 29
0 941 772
0 871 913
0 650 28
0 89 733
0 267 759
0 910 191
0 685 961
0 104 304
0 700 598
0 451 888
0 412 212
0 299 912
0 148 781
0 622 591
0 952 209
0 119 720
0 163 453
0 114 840
0 892 648
0 262 162
0 902 342
0 776 568
0 873 85
0 573 910
1 250 549
0 629 115
0 839 618
0 714 212
0 817 366
0 380 733
0 227 516
0 577 704
0 278 422
1 192 586
0 246 166
0 207 681
0 485 574
0 4 105
0 55 264
0 430 910
0 533 893
0 821 819
0 393 69
1 209 424
0 801 549
0 645 248
0 924 254
0 38 590
1 567 625
0 681 670
0 492 950
0 778 687
0 682 528
0 576 132
0 259 420
1 825 414
0 650 110
1 258 400
0 718 245
0 360 860
1 138 868
0 378 491
0 505 595
0 667 245
0 123 663
0 110 141
0 693 674
0 506 324
0 77 92
0 27 458
0 565 723
0 506 650
0 299 270
0 669 229
0 862 505
0 232 780
0 910 733
1 206 697
0 518 809
1 566 455
0 904 925
0 747 538
0 522 191
1 612 723
0 224 100
0 906 886
0 923 421
0 509 307
0 816 498
0 276 764
0 483 626
1 349 664
0 794 601
0 43 422
0 478 105
1 500 720
1 219 415
0 121 351
0 75 74
0 345 383
0 381 339
1 585 275
0 462 70
1 644 45
0 758 202
0 873 275
0 734 313
0 14 738
0 283 696
1 773 315
0 373 432
0 764 522
0 250 829
0 391 342
0 533 724
1 744 329
1 333 222
0 834 648
0 546 692
0 848 64
0 557 590
0 359 953
0 510 954
0 562 145
0 33 329
0 390 722
1 52 861
0 47 792
0 534 319
0 73 733
1 24 707
0 288 73
0 564 474
0 499 584
0 908 116
1 749 15
0 452 460
0 427 723
0 401 534
0 857 548
0 592 160
0 478 848
1 147 115
0 774 218
0 349 723
1 584 202
0 726 409
1 562 309
1 581 459
0 779 627
0 926 392
0 412 85
0 398 620
0 131 252
0 41 483
0 857 348
0 502 663
0 65 348
0 72 899
1 923 275
1 168 950
0 802 65
0 964 668
0 305 687
0 802 809
0 969 744
0 454 412
0 857 709
0 549 339
1 319 262
0 967 419
0 57 474
0 90 204
0 908 794
0 718 129
0 755 607
0 419 149
0 661 443
0 362 251
0 411 871
0 626 191
0 387 668
1 741 469
0 85 648
0 732 703
0 757 738
0 614 89
0 20 841
0 760 528
1 708 229
0 536 95
0 865 689
0 581 668
0 28 218
0 575 579
0 71 627
0 600 612
1 643 472
0 378 157
1 160 162
0 13 253
0 712 852
0 52 305
0 683 383
0 710 769
1 67 686
0 385 193
1 222 826
0 114 764
0 658 459
0 328 502
0 681 790
1 521 123
0 533 853
0 881 623
0 522 191
0 707 910
0 647 50
0 527 751
1 830 852
0 75 200
0 92 384
0 364 403
0 794 718
0 176 830
1 863 46
0 82 738
0 237 929
0 180 823
0 339 212
0 941 352
0 38 648
0 276 733
0 597 766
1 868 467
0 555 206
0 647 518
0 260 851
1 72 421
1 574 500
0 523 794
0 786 313
1 280 81
0 38 276
0 745 663
0 476 889
0 713 801
0 209 248
0 60 410
0 361 789
0 954 249
0 938 14
0 902 465
0 960 7
0 303 894
0 847 417
0 702 481
0 729 68
0 767 966
0 728 433
0 497 445
0 109 741
0 284 214
0 358 809
0 298 959
1 778 493
1 201 23
1 704 525
0 535 56
1 121 573
0 642 124
0 590 668
0 325 961
0 624 741
0 731 495
0 533 552
0 136 266
0 596 156
0 758 663
0 103 250
0 156 901
0 852 382
0 190 812
0 79 255
0 156 834
0 614 153
0 470 387
0 528 764
1 430 789
0 107 594
1 116 415
0 186 326
0 337 137
0 141 613
0 339 733
0 183 763
0 396 733
0 631 493
0 251 432
0 874 616
0 409 794
0 833 821
0 704 469
0 570 849
1 868 878
0 584 116
0 927 381
0 869 543
1 841 896
0 137 148
0 344 725
0 79 502
0 770 763
0 5 701
0 813 394
1 76 574
1 817 423
1 427 263
0 192 746
0 413 910
0 428 780
0 152 181
0 716 558
0 901 578
0 148 111
0 928 459
1 548 707
0 88 814
0 69 723
0 327 944
0 735 747
1 880 613
0 59 112
1 820 44
1 957 582
0 156 558
0 861 769
0 280 229
1 166 532
0 418 781
0 892 935
0 59 207
0 738 720
0 826 116
0 724 514
0 450 682
1 542 428
0 276 904
0 316 782
0 513 366
0 646 861
0 553 469
0 449 486
0 20 409
0 602 262
1 818 40
0 745 697
0 627 251
1 74 814
0 140 935
0 882 582
0 337 517
0 956 461
0 720 733
0 366 657
0 450 552
0 25 851
1 109 637
0 775 14
0 233 105
0 742 430
0 213 672
0 477 861
0 949 950
1 662 432
0 851 162
0 260 634
0 315 879
0 730 710
0 641 716
0 433 674
1 186 515
0 337 640
0 189 229
0 656 50
0 565 834
0 713 480
1 632 928
1 160 697
0 785 38
0 858 655
0 469 40
0 794 950
0 288 443
0 861 720
0 969 267
1 677 339
0 41 191
0 409 889
0 479 420
0 672 94
0 963 935
0 882 495
0 181 111
0 717 926
0 118 728
0 508 313
0 488 626
0 693 400
0 279 701
0 679 220
1 308 165
0 407 943
0 28 491
0 269 348
0 609 121
0 146 123
0 687 446
0 84 773
0 842 123
0 560 405
0 18 154
0 937 679
0 315 251
0 499 826
1 142 440
0 10 136
0 174 889
1 786 571
0 74 81
0 727 460
0 697 733
0 807 850
0 254 212
0 45 35
1 207 8
1 720 674
0 845 387
0 161 326
0 179 764
0 235 491
0 760 553
0 174 418
0 495 413
0 240 925
1 88 554
0 90 311
0 772 637
0 337 411
0 272 167
0 765 540
0 0 865
1 165 601
1 598 473
0 118 769
0 690 682
0 582 409
0 329 160
0 197 31
1 946 634
0 908 664
0 668 738
0 38 376
0 345 962
0 872 418
0 788 255
0 116 14
0 13 166
0 319 464
0 352 500
1 397 136
0 718 85
0 227 418
0 441 495
0 452 191
0 135 123
0 932 634
0 552 654
0 617 157
0 437 654
0 694 15
0 355 673
1 683 359
0 813 85
1 933 212
0 767 315
1 380 785
0 129 663
0 346 430
0 470 820
0 233 320
0 334 255
0 392 639
0 446 950
0 711 221
0 22 648
0 823 858
0 202 502
0 599 86
0 342 461
0 877 208
0 126 906
0 96 362
1 284 655
1 876 895
0 855 465
0 622 359
1 314 738
0 270 687
0 306 258
1 44 181
1 532 495
0 556 612
0 879 181
0 660 882
0 140 329
0 377 952
0 138 212
1 333 177
0 671 666
0 289 774
0 535 955
0 404 570
0 174 811
0 530 532
0 592 913
0 814 331
0 513 843
0 231 910
1 938 446
0 938 137
0 549 195
0 153 162
1 27 688
1 310 637
0 1 601
0 952 329
0 334 421
0 184 778
1 200 467
7
0 3 5 28 31 37 48