253991
1638 575 697 1193 1042
99
250
0 0
0 1
0 3
0 4
1 4
2 0
2 1
2 2
2 4
3 1
3 3
3 4
4 0
5 0
5 1
5 2
5 3
5 4
6 0
6 1
6 3
7 0
7 2
8 0
8 1
8 3
9 1
10 1
10 2
10 3
11 0
11 2
12 0
12 1
12 2
12 4
13 0
14 0
14 2
15 0
15 1
15 2
15 3
16 0
16 1
16 2
17 0
17 1
17 2
17 3
17 4
18 1
19 0
19 2
20 4
21 0
21 3
22 1
22 3
22 4
23 0
23 2
23 4
24 0
24 1
24 2
24 3
25 0
25 1
25 2
25 4
26 0
26 3
27 4
28 1
29 0
29 1
29 4
30 0
30 1
30 3
31 0
31 3
31 4
32 0
32 1
32 2
33 2
33 3
33 4
34 1
34 4
35 0
35 4
36 0
36 4
37 4
38 0
38 1
38 3
39 0
39 4
40 0
40 1
40 4
41 1
41 2
41 3
41 4
42 3
42 4
43 1
43 4
44 0
45 1
45 2
46 0
46 3
46 4
47 0
48 3
49 1
49 3
49 4
50 0
50 2
51 0
51 1
51 3
51 4
52 2
53 0
53 1
53 3
53 4
54 0
54 1
54 2
55 0
55 1
55 3
55 4
56 0
56 1
56 2
56 3
56 4
57 0
58 0
58 3
58 4
59 0
59 2
59 3
60 2
60 3
61 1
61 3
62 0
62 1
62 4
63 1
64 0
64 1
64 2
64 4
65 0
65 2
66 0
66 1
66 2
66 3
66 4
67 1
67 3
67 4
68 1
69 0
69 4
70 0
70 2
71 0
71 4
72 1
72 2
72 4
73 2
74 0
74 2
74 3
74 4
75 2
75 4
76 0
76 1
76 4
77 0
77 1
77 3
77 4
78 0
78 2
78 3
78 4
79 1
80 0
80 3
81 1
81 4
82 1
83 0
83 2
83 3
84 1
85 1
85 2
86 1
86 2
86 3
87 2
88 1
88 2
88 3
88 4
89 0
89 2
89 3
90 0
90 1
90 2
91 0
91 1
91 3
92 2
93 0
93 2
93 3
94 2
94 3
94 4
95 2
95 4
96 4
97 1
97 2
97 3
98 0
98 1
98 3
98 4
3
50
100
0 0 5471 0 0 1
0 1 9869 0 0 1
0 2 9950 1 0 1
0 3 8762 1 0 0
0 4 9889 1 0 0
0 5 9098 1 0 1
0 6 9506 0 1 0
0 7 6910 1 0 1
0 8 5322 1 1 0
0 9 6317 1 0 1
0 10 3662 1 0 0
0 11 9043 0 1 1
0 12 5002 0 0 1
0 13 9665 0 0 1
0 14 8161 1 0 0
0 15 9553 1 0 1
0 16 9892 0 1 0
0 17 8194 0 1 1
0 18 7736 1 0 1
0 19 5534 0 0 1
0 20 9543 0 1 1
0 21 9334 0 1 0
0 22 5173 0 1 1
0 23 9434 1 1 0
0 24 9202 0 1 0
0 25 8792 0 1 1
0 26 7939 1 0 1
0 27 4595 1 1 0
0 28 5097 1 0 0
0 29 8705 1 0 0
0 30 4617 0 1 1
0 31 3834 1 0 1
0 32 7394 1 1 0
0 33 9625 1 1 0
0 34 8623 1 0 1
0 35 7968 1 0 1
0 36 8080 1 0 1
0 37 2382 1 0 0
0 38 9828 0 1 1
0 39 4472 1 0 1
0 40 7262 0 1 1
0 41 9469 1 1 0
0 42 8614 0 0 1
0 43 8395 0 0 1
0 44 8732 1 0 1
0 45 7996 1 1 0
0 46 4587 1 0 0
0 47 306 1 0 0
0 48 1651 0 1 1
0 49 6749 0 1 0
0 50 7868 0 0 1
0 51 8782 0 1 1
0 52 6804 0 0 1
0 49 9369 0 0 1
0 54 9134 1 1 0
0 55 4338 1 0 1
0 56 8484 1 0 1
1 57 4333 0 0 1
1 58 4960 1 0 0
0 59 6792 0 1 0
0 60 9246 0 1 0
0 61 7877 0 1 1
0 62 9718 0 0 1
0 63 7396 0 1 1
0 64 9934 0 1 0
0 65 6562 1 0 1
1 66 9303 0 1 0
0 67 5123 1 1 0
0 68 9431 0 1 1
0 69 7411 1 0 1
0 70 9638 0 0 1
1 71 1844 0 1 0
0 72 1644 0 1 1
0 73 4894 0 1 0
1 74 6803 0 1 0
0 75 6880 1 0 0
0 76 9659 0 0 1
1 77 6122 1 0 0
0 78 4778 1 0 1
0 79 3182 1 0 0
0 80 4614 0 1 1
0 81 8179 1 1 0
0 82 1867 0 0 1
0 83 7965 0 1 0
0 84 6441 1 0 0
0 85 9066 1 0 1
0 86 2964 0 1 1
0 87 8727 0 1 0
0 88 6129 1 0 1
1 89 5364 1 0 0
1 90 6614 1 1 0
0 91 9345 0 0 1
1 92 9255 1 0 0
0 93 5981 1 0 0
0 94 9439 1 0 1
0 95 6274 0 1 1
1 96 5669 0 0 1
1 97 8593 1 0 1
0 98 7920 1 0 1
0 37 8325 1 1 0
896
0 31941351 6471681 0 0 0
0 133382716 31596172 0 0 0
2 0 0 0 102720265 28072023
2 0 0 0 227277145 504489214
2 0 0 0 91644268 9003930
1 2921962 0 482069004 0 0
1 10565873 0 347017 0 0
0 7930495 804338 0 0 0
2 0 0 0 24511942 48753300
1 383330 0 1799791 0 0
2 0 0 0 493045 13827939
2 0 0 0 85061400 124700947
1 18644799 0 86198095 0 0
2 0 0 0 2957924 1097799
1 1370211 0 8693529 0 0
0 124368703 44816063 0 0 0
2 0 0 0 107362735 11273960
0 835765 72041226 0 0 0
2 0 0 0 24124390 207620
2 0 0 0 57459696 1597181
0 4351808 9698748 0 0 0
2 0 0 0 156214767 17985665
0 24500871 33094247 0 0 0
2 0 0 0 217253434 9483665
2 0 0 0 178340950 5622872
0 333587987 91094690 0 0 0
1 10477962 0 3995590 0 0
1 111642791 0 16741821 0 0
2 0 0 0 87470 7487483
0 89045475 65174554 0 0 0
2 0 0 0 26881873 21843765
1 13846517 0 2068207 0 0
0 6709380 26148637 0 0 0
1 21600168 0 27830499 0 0
1 7346 0 593949 0 0
2 0 0 0 64991283 2815508
1 1488750 0 6013605 0 0
1 24955915 0 21510546 0 0
1 953612 0 433305941 0 0
1 349891 0 37440985 0 0
0 35929982 103428086 0 0 0
1 45419160 0 730486 0 0
2 0 0 0 325636313 7223060
1 148251692 0 40229158 0 0
1 30776309 0 64697540 0 0
2 0 0 0 57002833 93856870
2 0 0 0 2353032 104820919
2 0 0 0 280469346 64161474
0 6373939 12864883 0 0 0
1 12030980 0 1728499 0 0
1 86218454 0 90079305 0 0
2 0 0 0 13890175 58643231
1 408990650 0 11811582 0 0
0 98368213 26356664 0 0 0
0 63230313 178509457 0 0 0
0 255591100 657248 0 0 0
0 18242951 45778745 0 0 0
1 1781230 0 49625519 0 0
1 90930392 0 12227500 0 0
2 0 0 0 16906277 6257068
2 0 0 0 2453673 167775974
0 145409526 18626496 0 0 0
0 2347904 42792348 0 0 0
2 0 0 0 1504691 4566529
2 0 0 0 915096 17828936
1 4748608 0 74252236 0 0
0 6815755 13797768 0 0 0
0 20084019 172435525 0 0 0
2 0 0 0 68482548 20902564
1 258070984 0 101865209 0 0
0 1468298 30481142 0 0 0
2 0 0 0 220767915 5628204
0 28102495 222104 0 0 0
2 0 0 0 45413778 144256147
2 0 0 0 105395711 5420244
2 0 0 0 399953872 3592016
2 0 0 0 63383644 911558
1 230628622 0 62916027 0 0
0 38076823 771009 0 0 0
0 7856581 7193683 0 0 0
2 0 0 0 8733959 116676944
2 0 0 0 130838477 250659360
2 0 0 0 86289 1058557
2 0 0 0 267265026 7148996
0 26801306 305081427 0 0 0
0 8891687 57407134 0 0 0
1 99130225 0 1868299 0 0
2 0 0 0 254803 142731570
2 0 0 0 14313075 154495261
0 43188708 30729337 0 0 0
2 0 0 0 3606071 287569170
1 50668929 0 3534034 0 0
2 0 0 0 3900245 24021038
1 67771763 0 2183011 0 0
0 8783134 46659131 0 0 0
1 101017512 0 50691355 0 0
0 31028836 68219089 0 0 0
1 4580672 0 117997926 0 0
0 7257768 10760712 0 0 0
2 0 0 0 9865039 2538359
1 20720561 0 94938 0 0
1 5301141 0 19964135 0 0
1 414196 0 66120134 0 0
2 0 0 0 29677948 8815616
0 20229427 7163851 0 0 0
2 0 0 0 28130065 95143140
0 376952289 130366503 0 0 0
0 2701862 13400007 0 0 0
1 1966480 0 21292798 0 0
2 0 0 0 602661 13697309
0 10440734 26242020 0 0 0
0 549396 72263495 0 0 0
2 0 0 0 1116827 38972913
1 2918521 0 38375918 0 0
2 0 0 0 76848081 28125120
1 13863827 0 49950848 0 0
2 0 0 0 24895958 723522
0 17663541 5444820 0 0 0
2 0 0 0 99482319 15212956
0 11518207 6082955 0 0 0
0 1109350 181638358 0 0 0
0 162541937 4347340 0 0 0
1 4072558 0 10217990 0 0
2 0 0 0 1762146 4044755
1 335514249 0 23043815 0 0
0 71321307 16367549 0 0 0
0 651163 48228272 0 0 0
1 276589360 0 279281359 0 0
0 220755532 6263594 0 0 0
0 24790576 47542806 0 0 0
2 0 0 0 87297576 5227361
1 19131598 0 31362838 0 0
1 98140801 0 4050635 0 0
0 5813522 382212 0 0 0
2 0 0 0 1807922 57233787
2 0 0 0 115608976 93902803
1 24989003 0 4974049 0 0
1 56993837 0 1214566 0 0
2 0 0 0 43020727 2529510
1 5275 0 248070 0 0
2 0 0 0 221825254 8264240
0 299099 5657313 0 0 0
0 34134710 23730133 0 0 0
0 52687700 41873564 0 0 0
0 35272741 22456541 0 0 0
1 6982790 0 7462809 0 0
2 0 0 0 15129183 6021114
1 5880 0 265455593 0 0
0 52157005 9566226 0 0 0
1 208483593 0 8194127 0 0
2 0 0 0 280987180 3498760
0 20324808 117372831 0 0 0
1 20605987 0 126814959 0 0
2 0 0 0 2171335 20880285
2 0 0 0 200955513 7892587
0 4506775 2089381 0 0 0
1 56998587 0 63859 0 0
2 0 0 0 97188824 10329720
1 34619819 0 25785532 0 0
2 0 0 0 124451839 41004868
1 1731630 0 322373502 0 0
1 186601896 0 11964047 0 0
2 0 0 0 6838559 1333478
0 121728743 279489650 0 0 0
2 0 0 0 79535234 2063133
0 8828633 252461819 0 0 0
2 0 0 0 104048731 44876528
0 76722273 22321772 0 0 0
2 0 0 0 380011310 392729
2 0 0 0 64521572 64596894
0 36361717 48042167 0 0 0
2 0 0 0 9664086 60927152
1 903138 0 155924 0 0
1 28414650 0 284043237 0 0
0 23024869 15776047 0 0 0
1 41047597 0 43543906 0 0
0 88596163 87551355 0 0 0
2 0 0 0 16605781 4419164
0 417308454 3852290 0 0 0
0 126913390 11938137 0 0 0
0 12165618 7189867 0 0 0
1 64047180 0 278721214 0 0
1 20033011 0 17859927 0 0
1 24707972 0 58540080 0 0
1 32421661 0 44679944 0 0
1 406803342 0 159361267 0 0
2 0 0 0 164714097 51000323
2 0 0 0 34545481 265896
0 8398021 230574194 0 0 0
0 120449719 6262017 0 0 0
2 0 0 0 49669971 3111149
1 4069803 0 3948874 0 0
2 0 0 0 13242043 64290381
0 186607982 20450519 0 0 0
0 10379665 12142550 0 0 0
1 5696438 0 100522303 0 0
1 1870446 0 759031 0 0
1 102536403 0 21949411 0 0
0 23540083 17509346 0 0 0
2 0 0 0 151619573 4231954
1 4809649 0 196339337 0 0
0 17458693 879661 0 0 0
1 67384560 0 2300654 0 0
2 0 0 0 2449905 275961844
1 4388940 0 132310225 0 0
2 0 0 0 96935513 16296584
1 10594240 0 2898907 0 0
2 0 0 0 52896906 776108
0 312584875 11434680 0 0 0
2 0 0 0 80834889 39299114
1 16907879 0 105128320 0 0
2 0 0 0 11356599 8129339
2 0 0 0 285355828 233292467
2 0 0 0 10738979 75322
2 0 0 0 129749140 4773311
0 3703929 3877565 0 0 0
1 10528930 0 2430936 0 0
2 0 0 0 4777382 12019595
0 8865253 7109981 0 0 0
1 12031441 0 869327 0 0
2 0 0 0 11593578 9778650
2 0 0 0 198631 309013198
1 22226285 0 30639600 0 0
2 0 0 0 5065407 1485574
1 49925739 0 45300782 0 0
0 268189491 42488291 0 0 0
1 384461365 0 51220556 0 0
0 19686226 117987695 0 0 0
1 66531181 0 71150985 0 0
0 174641109 290094203 0 0 0
0 10236825 2313923 0 0 0
0 191104376 29290935 0 0 0
1 87501111 0 130517451 0 0
2 0 0 0 9847734 7400363
2 0 0 0 5334630 2310954
2 0 0 0 330531280 1306538
0 135266110 14937391 0 0 0
1 44014828 0 16766494 0 0
1 20849203 0 188266224 0 0
2 0 0 0 5914266 111219773
0 39610218 102903404 0 0 0
2 0 0 0 20490980 330008316
2 0 0 0 17798636 643455
2 0 0 0 29318387 47932157
0 184826461 248117 0 0 0
2 0 0 0 234558828 11859650
0 105053626 35685121 0 0 0
0 215573159 12066986 0 0 0
0 20561568 15968444 0 0 0
2 0 0 0 90825421 35923451
1 140963211 0 28582275 0 0
0 184589671 9738353 0 0 0
1 21499271 0 283907208 0 0
1 4341980 0 44549652 0 0
2 0 0 0 39538340 22553045
2 0 0 0 50104697 40501616
0 33502122 1764028 0 0 0
2 0 0 0 1566853 156262046
0 38986328 50343265 0 0 0
2 0 0 0 86052005 232642294
2 0 0 0 271907267 792812
1 4340940 0 6650 0 0
0 6001125 103538016 0 0 0
1 10157501 0 204145206 0 0
1 464171111 0 51841317 0 0
2 0 0 0 1320988 35516680
1 13745288 0 37320899 0 0
2 0 0 0 23661183 4079579
1 5391626 0 8928491 0 0
0 177706418 2211278 0 0 0
1 10464361 0 28561873 0 0
1 810688 0 17826394 0 0
2 0 0 0 21586675 122501827
1 32125217 0 18026784 0 0
2 0 0 0 8294704 16038365
0 9039228 2135288 0 0 0
0 621516216 83521180 0 0 0
0 4476514 11801694 0 0 0
1 177807793 0 43991462 0 0
1 41425427 0 148338994 0 0
2 0 0 0 64665231 1657452
0 715170 38289176 0 0 0
0 3298088 190202250 0 0 0
0 23311613 287436 0 0 0
1 98774094 0 9550753 0 0
2 0 0 0 187166043 5085
1 10239741 0 244950238 0 0
2 0 0 0 24054116 10600296
1 1358179 0 2206733 0 0
2 0 0 0 21045357 10416698
1 2748605 0 5090853 0 0
1 254652 0 82234643 0 0
1 16204636 0 54492036 0 0
2 0 0 0 29795369 11239933
2 0 0 0 4222767 16476720
0 4959735 6763933 0 0 0
0 7113588 65213406 0 0 0
2 0 0 0 118958204 873438
1 121126876 0 105144074 0 0
0 2935629 188501418 0 0 0
1 108580405 0 185629388 0 0
0 20375211 14219228 0 0 0
1 4085225 0 2588252 0 0
2 0 0 0 13321933 178291998
1 66808620 0 1568695 0 0
0 89230090 451012339 0 0 0
2 0 0 0 145381820 136000
1 35266154 0 116964081 0 0
0 225356604 76764924 0 0 0
0 20257991 30117175 0 0 0
0 107560614 1436342 0 0 0
1 1378546 0 175542575 0 0
2 0 0 0 50148 16586874
0 22446221 18033201 0 0 0
1 25482860 0 96644387 0 0
0 15034639 1362189 0 0 0
2 0 0 0 343921588 32729096
0 277264984 335555 0 0 0
1 141288075 0 252789 0 0
2 0 0 0 217638621 6646756
1 928797 0 533833855 0 0
1 5171262 0 12611320 0 0
1 229766680 0 481714 0 0
0 143858114 181060121 0 0 0
1 23951180 0 42994398 0 0
1 83546997 0 22150716 0 0
2 0 0 0 5359616 52565172
2 0 0 0 3886377 6943719
0 60387641 72074332 0 0 0
1 101116400 0 10314944 0 0
1 57051789 0 9415184 0 0
0 32038934 1155126 0 0 0
2 0 0 0 149271505 14796607
0 33243492 13026420 0 0 0
0 54178757 63348759 0 0 0
1 142922726 0 100225459 0 0
0 1600264 144091983 0 0 0
0 16994671 144158692 0 0 0
1 9481384 0 8626783 0 0
1 34239513 0 88715535 0 0
0 7838384 24096519 0 0 0
0 54604552 34902032 0 0 0
0 29339338 350105 0 0 0
2 0 0 0 517384 8928
0 69521738 112516629 0 0 0
2 0 0 0 13701993 66066247
2 0 0 0 166694 30771836
1 4802667 0 19039962 0 0
1 1510915 0 47372232 0 0
0 4407196 456803 0 0 0
0 6033408 28093146 0 0 0
2 0 0 0 26284111 103792843
0 110517 43956052 0 0 0
2 0 0 0 2984009 13795195
2 0 0 0 69422633 68373
2 0 0 0 123268946 5278381
0 5507918 52153391 0 0 0
0 60960861 24264188 0 0 0
0 47388847 119956353 0 0 0
1 513203 0 9449539 0 0
1 77824975 0 9503 0 0
1 1548113 0 1887212 0 0
1 1691553 0 65968559 0 0
2 0 0 0 4112608 53391296
2 0 0 0 6024894 124571689
2 0 0 0 141118046 182932633
1 229858654 0 21000167 0 0
1 188713 0 215083 0 0
1 2881602 0 189882454 0 0
1 20729214 0 3505113 0 0
2 0 0 0 183912016 171825545
1 5943110 0 3528623 0 0
0 31612060 189452005 0 0 0
2 0 0 0 87233016 55215499
0 13793573 35779131 0 0 0
0 13148656 96301941 0 0 0
2 0 0 0 5706584 3077386
2 0 0 0 107522745 62425054
2 0 0 0 23530065 37367464
0 27603384 146277417 0 0 0
1 147945050 0 69513 0 0
0 128391839 96591724 0 0 0
0 270695589 21544472 0 0 0
1 243230376 0 8113 0 0
0 81508540 8300691 0 0 0
1 3735143 0 297486246 0 0
0 12753469 56339396 0 0 0
1 97388801 0 3806905 0 0
2 0 0 0 32674801 68231899
1 46635 0 75040512 0 0
1 160136641 0 12739683 0 0
2 0 0 0 105937323 858347
0 51619679 49708638 0 0 0
1 5905435 0 2087483 0 0
1 1983760 0 4220682 0 0
1 174017543 0 3131151 0 0
1 34878440 0 20796373 0 0
0 3975839 57712204 0 0 0
0 43965088 3479785 0 0 0
1 87278004 0 55734493 0 0
0 171020 280438371 0 0 0
0 21266149 7132261 0 0 0
2 0 0 0 10343601 528395950
1 711684 0 3389689 0 0
0 80595318 22563895 0 0 0
2 0 0 0 8592845 7702065
2 0 0 0 7440209 54567441
1 57836665 0 5108188 0 0
2 0 0 0 44484664 25797804
0 11131977 35236852 0 0 0
2 0 0 0 6323405 3207934
2 0 0 0 59191086 159759337
0 8435217 335837 0 0 0
0 10139862 110624391 0 0 0
2 0 0 0 7674459 26257730
0 21533479 3629921 0 0 0
0 12527200 123581895 0 0 0
2 0 0 0 1584949 179770161
1 56773383 0 11033157 0 0
1 106645845 0 15095674 0 0
1 7269923 0 24734940 0 0
0 9545473 29624965 0 0 0
2 0 0 0 109573350 107565802
1 118591 0 212672967 0 0
0 202644321 8693648 0 0 0
0 2274871 5043174 0 0 0
2 0 0 0 15464752 4782522
0 17261713 83158666 0 0 0
2 0 0 0 31909856 809142
2 0 0 0 1031922 13679159
1 16156299 0 2040188 0 0
0 168265593 275458 0 0 0
2 0 0 0 20046064 21143847
0 2972388 10645128 0 0 0
0 761617 1659361 0 0 0
0 68223151 45469632 0 0 0
2 0 0 0 23204416 4658610
2 0 0 0 27190785 85608175
2 0 0 0 220121346 67995295
1 1616163 0 9050173 0 0
2 0 0 0 80630176 27096490
0 179278785 110809658 0 0 0
1 42340085 0 12539946 0 0
0 18147743 2633226 0 0 0
1 113019099 0 524526 0 0
0 1597508 87806244 0 0 0
2 0 0 0 52327 20597276
0 18356004 25159240 0 0 0
1 63586059 0 20565240 0 0
1 35725634 0 154845123 0 0
2 0 0 0 30996546 256682479
0 22311334 695347858 0 0 0
0 3140863 662207 0 0 0
2 0 0 0 77621139 1316576
0 95130428 994598 0 0 0
0 1615660 20894293 0 0 0
0 14356876 206393098 0 0 0
0 38198013 103094526 0 0 0
1 57359908 0 9546299 0 0
0 57076022 4068526 0 0 0
2 0 0 0 135665558 20944154
0 24638485 21727782 0 0 0
2 0 0 0 54031 9505772
0 193224872 13246798 0 0 0
0 13103262 11876913 0 0 0
0 112751211 144611784 0 0 0
1 4569543 0 112232495 0 0
2 0 0 0 25018182 3660742
2 0 0 0 68277424 197391804
2 0 0 0 144341605 41230002
0 18991970 91984033 0 0 0
2 0 0 0 636334 343289707
0 2452321 28812654 0 0 0
2 0 0 0 25000120 241178074
0 9454361 22906585 0 0 0
1 2298806 0 84825879 0 0
0 6811870 54135120 0 0 0
0 249103735 31273271 0 0 0
1 268795 0 74675912 0 0
1 244888009 0 12553211 0 0
1 48552105 0 202150397 0 0
0 36011323 52492461 0 0 0
2 0 0 0 2532085 153771635
2 0 0 0 4470260 15984460
2 0 0 0 22802915 15221780
0 23823298 3289968 0 0 0
0 5130523 91882222 0 0 0
0 16633918 13220800 0 0 0
1 1945653 0 128155635 0 0
0 44544886 8429643 0 0 0
2 0 0 0 2323263 9666831
1 38317831 0 9818477 0 0
1 38708095 0 481084 0 0
2 0 0 0 127222324 7483558
1 1809555 0 3568197 0 0
2 0 0 0 7195455 212232570
2 0 0 0 25631994 1513384
0 39511784 41719166 0 0 0
2 0 0 0 700282 374305
0 96881575 4522882 0 0 0
2 0 0 0 10340622 2248059
1 30131449 0 2318433 0 0
1 436910 0 4729899 0 0
1 93757342 0 111830224 0 0
1 211647499 0 113992225 0 0
1 30652423 0 53572399 0 0
2 0 0 0 1510189 122542862
2 0 0 0 984678 1974755
2 0 0 0 53888796 8215141
2 0 0 0 9000967 127086561
2 0 0 0 565895 57176574
1 18062050 0 12998996 0 0
0 154749744 128877073 0 0 0
0 2749566 50212074 0 0 0
0 4344995 10172994 0 0 0
1 22075216 0 10126355 0 0
0 1232478 63393603 0 0 0
2 0 0 0 26405576 6845152
0 28847710 232799028 0 0 0
1 541521 0 1929867 0 0
1 22575195 0 36397419 0 0
1 15620401 0 501713 0 0
1 4044527 0 1338074 0 0
2 0 0 0 8415998 3011442
2 0 0 0 97814715 15182779
0 172497592 55199630 0 0 0
1 52765087 0 17270630 0 0
1 2010102 0 7577191 0 0
0 127562985 51725975 0 0 0
2 0 0 0 146115249 246919686
0 3218659 55105108 0 0 0
0 205518973 4842487 0 0 0
1 628649 0 15271782 0 0
1 9460598 0 51659 0 0
0 44872852 93694691 0 0 0
0 86583300 8908929 0 0 0
2 0 0 0 54430202 83141348
1 22394825 0 13279083 0 0
0 21095704 1406963 0 0 0
2 0 0 0 733044 28071824
0 476476536 2671129 0 0 0
0 11349000 3041736 0 0 0
1 100218007 0 97738501 0 0
2 0 0 0 36927666 24093101
1 89961051 0 39334247 0 0
2 0 0 0 166565177 15434192
1 539484908 0 46084076 0 0
1 1550259 0 1933870 0 0
2 0 0 0 16962819 22442031
1 45655557 0 21678911 0 0
2 0 0 0 19451285 3551499
1 1285098 0 119968413 0 0
2 0 0 0 316188336 1182922
0 46023311 17053957 0 0 0
1 56645412 0 22940100 0 0
0 159637038 31126132 0 0 0
1 12131936 0 210636325 0 0
0 9344607 2307141 0 0 0
2 0 0 0 11497786 171565340
2 0 0 0 27721841 76288192
1 76672866 0 2597801 0 0
0 143354222 114902295 0 0 0
0 115578411 78848130 0 0 0
0 107786420 20100539 0 0 0
1 63509303 0 59135429 0 0
2 0 0 0 28294734 42786500
1 5958300 0 63524328 0 0
2 0 0 0 443186184 137421092
2 0 0 0 3006390 459757188
1 121273610 0 50238555 0 0
1 3034341 0 1863060 0 0
2 0 0 0 89064216 102320292
0 1718288 64984231 0 0 0
2 0 0 0 209498732 2872142
1 52953965 0 17451713 0 0
1 268117082 0 8915090 0 0
1 22586945 0 7916108 0 0
0 90122846 6635448 0 0 0
2 0 0 0 46463273 2261076
0 4516603 269626048 0 0 0
2 0 0 0 86662502 7336730
2 0 0 0 197799118 8614175
1 15980202 0 452893 0 0
0 722478 46031700 0 0 0
2 0 0 0 5319586 55097292
1 1738989 0 2033446 0 0
2 0 0 0 33865345 26897565
1 77328778 0 1268732 0 0
2 0 0 0 19358324 32238842
2 0 0 0 416084575 514119
2 0 0 0 23446216 333930085
2 0 0 0 26222974 15389188
1 8802844 0 163308671 0 0
2 0 0 0 8536 115544778
2 0 0 0 63904887 268923973
0 1179609 13525144 0 0 0
1 83644626 0 129038496 0 0
0 16982370 3448339 0 0 0
1 3941836 0 173223312 0 0
0 94289824 35724456 0 0 0
0 28486645 42826077 0 0 0
0 3885172 285848067 0 0 0
0 256154325 35546585 0 0 0
0 145377194 603363 0 0 0
2 0 0 0 4634039 134708503
1 145557549 0 2123950 0 0
2 0 0 0 11090898 106868518
0 154756582 1629247 0 0 0
0 10415433 293155127 0 0 0
2 0 0 0 32879450 27511494
0 110945491 1602636 0 0 0
2 0 0 0 79478415 595859
1 92313656 0 591648 0 0
1 311731490 0 18929406 0 0
0 39624167 6883513 0 0 0
1 20868483 0 720413 0 0
2 0 0 0 1637853 145687761
2 0 0 0 4325643 108771292
1 37634330 0 30041814 0 0
2 0 0 0 13263808 271046440
1 13230166 0 392138884 0 0
0 72753551 94319632 0 0 0
1 25720709 0 53290342 0 0
1 24251865 0 43354043 0 0
2 0 0 0 32309974 5741
0 126636898 10822318 0 0 0
1 199142833 0 9222679 0 0
0 1111305 18795953 0 0 0
0 3183392 171448296 0 0 0
0 13203888 86914421 0 0 0
2 0 0 0 74319974 2857053
2 0 0 0 78548 8267519
2 0 0 0 2577669 263633475
0 94844531 18768835 0 0 0
2 0 0 0 308348983 3102312
0 47316977 12757116 0 0 0
2 0 0 0 153396115 48366313
0 26140087 4267709 0 0 0
0 24568106 145316145 0 0 0
0 1203667 1632022 0 0 0
2 0 0 0 68560305 117893798
0 600454906 89600436 0 0 0
0 288420792 331396 0 0 0
1 50223551 0 17188267 0 0
0 8584554 996796 0 0 0
2 0 0 0 49587951 19147425
1 26333649 0 14207507 0 0
1 12198947 0 6954117 0 0
1 2944126 0 198930 0 0
0 473809634 54397089 0 0 0
0 43017 417431 0 0 0
0 1328059 61384607 0 0 0
1 23944600 0 3116769 0 0
2 0 0 0 18885582 97879085
1 42791010 0 12516969 0 0
2 0 0 0 128724975 74644902
2 0 0 0 4384475 13380009
0 2649241 20540769 0 0 0
1 40188332 0 326331610 0 0
2 0 0 0 15604292 61609336
0 2592674 21864925 0 0 0
1 234619929 0 20873173 0 0
2 0 0 0 135605 9129463
2 0 0 0 9249877 79436091
2 0 0 0 4031330 66469773
1 905768 0 22510166 0 0
1 9223753 0 15819283 0 0
1 8831354 0 100492103 0 0
2 0 0 0 63023835 1118024
2 0 0 0 11472862 46145918
0 327344032 23184089 0 0 0
2 0 0 0 20606408 43758368
0 13506533 18055769 0 0 0
0 8221584 2856624 0 0 0
0 280359740 31206017 0 0 0
0 7329315 11930130 0 0 0
1 105233682 0 156319001 0 0
1 276553226 0 17942950 0 0
2 0 0 0 302663221 72710726
0 108560864 102556 0 0 0
2 0 0 0 37451224 32768245
1 6398796 0 63439766 0 0
0 243906686 79378796 0 0 0
0 49775474 278611 0 0 0
0 128240511 25354336 0 0 0
0 21528508 6034488 0 0 0
2 0 0 0 5690980 126423809
0 38834022 28204378 0 0 0
0 33165660 195169104 0 0 0
0 1218790 59667438 0 0 0
2 0 0 0 8797973 299968278
0 11235515 83688754 0 0 0
1 45672627 0 53478720 0 0
0 5565022 3750506 0 0 0
1 2088914 0 99511899 0 0
1 12913912 0 131858377 0 0
1 48060911 0 18257131 0 0
0 29928721 1516909 0 0 0
2 0 0 0 39209723 4633237
2 0 0 0 21069510 2662728
0 23194708 136921316 0 0 0
0 16353 77062399 0 0 0
2 0 0 0 24928060 44987159
2 0 0 0 51617825 19565905
0 434630876 648573 0 0 0
2 0 0 0 59007912 233149
0 12456100 177141717 0 0 0
2 0 0 0 6959845 36923679
0 159471 851156 0 0 0
2 0 0 0 216752871 39847622
1 61236405 0 76121712 0 0
1 29340827 0 79497361 0 0
1 42868084 0 37719498 0 0
0 18067564 80289879 0 0 0
0 89810082 47881327 0 0 0
2 0 0 0 177838725 20885979
2 0 0 0 126659913 20639139
1 490558 0 118461947 0 0
1 1132172 0 424967964 0 0
2 0 0 0 130121705 58819578
2 0 0 0 18538224 271049167
2 0 0 0 7674886 1541944
2 0 0 0 168780213 28689042
0 8768272 82293663 0 0 0
2 0 0 0 998230 8000446
1 82510197 0 13225267 0 0
1 12592037 0 51709192 0 0
1 782839 0 25593566 0 0
0 2346043 136313747 0 0 0
1 233286223 0 108109625 0 0
2 0 0 0 117124079 72675066
2 0 0 0 5243991 77924147
2 0 0 0 197066837 64870185
1 148638413 0 32107278 0 0
1 9694348 0 15564913 0 0
1 59450957 0 167916327 0 0
0 97934129 4667969 0 0 0
0 1359379 154007324 0 0 0
1 56506296 0 7255755 0 0
2 0 0 0 69941656 33813001
0 14278260 74092855 0 0 0
1 66144229 0 159427099 0 0
2 0 0 0 380422 315198
2 0 0 0 111341638 2442116
0 7045544 21203480 0 0 0
1 7902926 0 3019998 0 0
2 0 0 0 443007141 10122651
0 645581 242963487 0 0 0
1 4083208 0 7490793 0 0
2 0 0 0 6780439 14510878
2 0 0 0 13629275 37715818
2 0 0 0 78518355 22509323
1 5643875 0 36962406 0 0
1 53301722 0 22588214 0 0
2 0 0 0 2753063 162165225
0 989063 119977586 0 0 0
0 8258283 38085164 0 0 0
0 44406793 84951208 0 0 0
2 0 0 0 4914743 15491341
0 1969051 1078586 0 0 0
2 0 0 0 57635976 53734948
2 0 0 0 1421864 2583464
0 2684169 69045122 0 0 0
0 424008183 278740390 0 0 0
0 1192372 586783 0 0 0
0 107991180 17955644 0 0 0
1 113763803 0 67311039 0 0
1 6991001 0 25774017 0 0
2 0 0 0 13715 3941191
1 55840858 0 18769469 0 0
2 0 0 0 6596170 3082572
1 86504285 0 19154934 0 0
2 0 0 0 17383158 109377719
0 91254528 12996698 0 0 0
2 0 0 0 222932731 111994600
1 134356141 0 89541200 0 0
2 0 0 0 36121204 15649912
1 21883293 0 13252225 0 0
1 125788673 0 3402617 0 0
1 29237313 0 133523962 0 0
0 3797781 186967 0 0 0
2 0 0 0 293640 12073116
1 14347941 0 58334429 0 0
1 89775009 0 24573076 0 0
1 823579 0 112169 0 0
0 42082768 330245148 0 0 0
0 76696497 18689320 0 0 0
2 0 0 0 424662704 2964294
0 7290748 49767192 0 0 0
2 0 0 0 4383112 7779394
0 16507391 9491647 0 0 0
1 49728467 0 7273180 0 0
2 0 0 0 44904600 7514119
1 4228 0 8132565 0 0
2 0 0 0 60562250 47578439
0 2095235 8848200 0 0 0
0 80007803 215388227 0 0 0
2 0 0 0 370511931 76831634
1 9996270 0 187053115 0 0
0 8383660 268184241 0 0 0
0 146519545 43673083 0 0 0
1 21760920 0 9683509 0 0
0 58243 42222543 0 0 0
0 603554 15369641 0 0 0
0 3644991 140792725 0 0 0
0 2709005 21333508 0 0 0
2 0 0 0 2149346 6550
0 190676512 6986774 0 0 0
1 12529472 0 1489896 0 0
2 0 0 0 8240269 1397521
0 54098120 3221660 0 0 0
2 0 0 0 9026754 10877408
2 0 0 0 31290521 244054473
2 0 0 0 184855717 785034
0 258370125 8176436 0 0 0
0 36109128 18864792 0 0 0
0 1156854 79427158 0 0 0
1 7227532 0 154744985 0 0
0 36959256 26863911 0 0 0
0 88813170 253091255 0 0 0
1 252969683 0 18008886 0 0
2 0 0 0 10292292 55873812
1 13625972 0 72178810 0 0
0 18127819 176788712 0 0 0
1 48411925 0 12004316 0 0
1 67543090 0 22783570 0 0
1 3063802 0 4879936 0 0
0 53819333 163828147 0 0 0
0 458767648 85373626 0 0 0
1 1751700 0 4938214 0 0
2 0 0 0 54235743 87363861
0 209637506 1089081 0 0 0
1 24473313 0 13376459 0 0
0 2846944 101387414 0 0 0
2 0 0 0 63311759 63654020
1 76100032 0 42860661 0 0
1 4649894 0 1960419 0 0
0 3087155 28052365 0 0 0
1 5770040 0 19085652 0 0
0 311057088 163042685 0 0 0
2 0 0 0 137830892 78652972
1 425028181 0 94157394 0 0
0 1548886 7152011 0 0 0
1 19767533 0 315080630 0 0
1 123741765 0 142165008 0 0
1 23872594 0 83532574 0 0
2 0 0 0 12293027 34152186
2 0 0 0 9383374 6777912
2 0 0 0 125876468 457531
2 0 0 0 49043766 4699944
0 6972712 11396989 0 0 0
1 39730108 0 4640825 0 0
2 0 0 0 3034727 41168161
0 114683041 115576996 0 0 0
0 21592052 2294793 0 0 0
0 299329 77260725 0 0 0
0 326850 14206364 0 0 0
2 0 0 0 55213602 94318181
0 89702531 5837519 0 0 0
2 0 0 0 1200826 2813377
2 0 0 0 125638170 8325354
1 2806139 0 42411268 0 0
1 69652229 0 172994215 0 0
2 0 0 0 40336587 497375933
1 89233480 0 9748253 0 0
2 0 0 0 28635930 20736395
0 4675979 48105687 0 0 0
1 38244535 0 46498445 0 0
2 0 0 0 19412695 10493582
2 0 0 0 34824466 58628335
0 132753162 11413773 0 0 0
2 0 0 0 3432867 15417815
1 23649591 0 15340172 0 0
0 3660093 29274973 0 0 0
0 130077733 4407418 0 0 0
2 0 0 0 49516796 8718
2 0 0 0 21481764 41788139
1 1119589 0 13249892 0 0
2 0 0 0 5145178 17856531
2 0 0 0 37049075 47978356
1 38039864 0 209685043 0 0
2 0 0 0 61624453 39176915
2 0 0 0 6993482 7712530
0 21200729 105672039 0 0 0
0 268249324 92298490 0 0 0
1 94431288 0 4772698 0 0
0 51532022 21896360 0 0 0
0 12808764 18729024 0 0 0
2 0 0 0 31221714 258614000
0 63909659 557506 0 0 0
2 0 0 0 203082558 4426269
2 0 0 0 11024034 8539553
2 0 0 0 38795961 492933782
2 0 0 0 24009612 24784426
1 47461532 0 29273332 0 0
1 1297873 0 214602978 0 0
969
0 23 74
0 23 368
0 74 760
0 760 109
0 760 189
0 368 98
0 760 4
0 109 468
1 4 868
0 74 697
0 760 651
0 760 817
1 651 325
0 4 373
0 98 451
0 23 316
0 109 615
1 373 780
0 23 612
0 817 742
0 760 814
1 74 796
0 316 689
1 868 750
0 689 743
0 743 513
1 697 20
1 743 73
0 98 42
0 780 69
0 98 396
1 74 639
0 868 663
0 760 777
0 42 547
0 814 50
0 98 328
0 73 559
0 74 808
0 513 173
0 328 481
0 396 540
0 817 241
0 777 657
0 689 216
1 760 129
1 373 504
0 129 672
0 760 299
0 468 359
0 504 309
0 796 872
0 373 77
0 368 380
0 657 886
0 50 197
0 689 822
0 309 330
0 328 367
0 657 415
0 216 756
0 612 120
0 513 685
0 23 761
0 689 556
0 373 192
0 872 143
0 367 44
0 547 446
1 74 204
0 368 500
0 817 539
0 685 423
0 814 650
0 309 592
0 468 746
1 216 599
0 367 323
0 685 821
1 309 163
0 44 798
0 204 300
0 367 360
0 612 41
0 639 620
0 777 122
0 777 214
1 513 162
0 539 891
0 556 546
0 204 286
0 798 339
0 50 606
0 886 517
1 316 272
0 697 855
0 891 56
0 300 766
0 109 493
0 713 726
0 65 893
1 752 723
0 756 774
0 44 864
0 130 510
0 671 213
0 483 626
0 323 10
0 111 206
0 627 510
0 337 654
1 672 761
0 546 430
0 712 392
0 821 356
0 106 888
0 235 558
0 705 187
0 581 883
0 282 269
0 46 719
0 883 490
0 59 144
0 827 649
0 514 353
0 795 191
0 575 732
1 82 407
0 551 228
0 441 80
0 855 321
0 538 597
0 515 5
0 513 206
0 881 7
0 335 530
0 766 555
0 73 434
0 127 841
0 316 678
0 760 705
0 61 633
0 431 673
1 224 572
1 674 597
0 470 287
0 863 832
0 465 358
0 535 593
0 125 234
0 538 837
0 293 836
0 434 305
0 655 3
0 298 530
0 436 444
0 843 205
0 334 857
1 210 301
0 122 488
0 261 818
0 750 424
0 672 16
0 253 462
0 103 464
0 183 723
0 495 883
0 346 506
0 31 852
0 106 343
0 371 47
0 387 358
1 604 764
0 54 240
0 116 581
0 868 734
0 551 277
0 612 33
1 697 772
0 802 8
0 876 674
0 145 711
0 225 236
0 356 147
0 24 637
0 105 512
0 503 365
0 172 64
0 668 528
0 215 874
0 485 250
0 477 841
0 153 703
0 756 183
0 79 704
0 876 35
0 377 574
0 751 12
0 181 591
0 378 871
1 509 413
0 1 641
0 334 495
0 203 837
0 537 369
0 291 340
0 546 865
0 679 251
0 62 790
0 671 893
0 213 630
0 468 511
0 891 148
0 876 779
0 892 269
0 175 259
0 748 579
0 682 346
0 246 433
0 270 430
1 276 94
0 752 191
1 625 276
0 203 26
1 435 813
0 850 470
0 616 164
0 678 187
0 277 401
0 6 580
1 832 431
0 258 492
0 582 406
0 314 580
0 358 626
0 650 805
0 588 329
0 630 805
0 0 394
1 431 873
0 67 654
0 376 434
0 714 310
0 859 186
0 155 892
0 212 101
0 637 418
1 774 783
0 185 825
0 640 474
0 744 268
0 631 171
0 409 688
0 835 496
0 590 333
0 845 418
1 772 215
0 125 67
0 467 506
0 604 114
0 172 128
0 396 167
0 554 195
0 122 828
0 627 376
0 704 523
0 146 591
0 81 430
0 396 661
0 0 763
0 827 407
0 677 6
1 807 219
0 243 533
0 787 783
0 13 227
0 624 565
0 250 533
0 78 405
0 628 800
0 151 302
1 726 596
0 869 362
0 79 425
1 685 680
1 105 267
0 838 303
0 301 11
0 808 516
0 701 654
0 286 31
0 458 454
0 365 827
0 379 94
1 302 467
0 327 816
0 173 428
0 283 506
0 524 211
1 682 591
0 219 296
0 497 728
1 723 579
0 598 228
0 695 46
0 819 358
0 110 501
0 337 484
0 77 823
0 612 99
0 753 764
0 346 847
0 892 521
0 363 431
0 603 47
0 254 804
0 41 856
0 828 649
0 707 196
1 549 470
0 30 474
0 127 674
0 436 203
0 772 36
0 750 706
0 279 694
0 499 581
0 32 371
0 178 112
1 312 436
0 159 65
0 137 614
1 883 351
0 110 158
0 59 699
0 759 358
0 339 654
0 371 771
0 653 470
1 389 548
0 314 638
0 302 883
0 835 390
0 812 255
0 614 362
1 174 342
0 406 708
0 249 797
0 194 754
1 293 116
1 72 837
0 389 732
1 784 752
0 220 614
0 747 659
1 139 128
0 628 228
0 108 26
0 622 307
0 409 326
0 335 557
0 472 329
0 310 326
0 751 633
0 31 565
0 514 26
0 527 707
1 384 209
0 593 861
0 313 774
0 406 507
0 611 452
0 269 184
0 137 405
0 155 874
0 191 401
0 685 306
1 608 331
0 260 687
1 787 419
1 117 619
0 652 144
0 674 348
0 197 88
0 895 320
0 350 541
0 385 151
1 769 255
0 23 47
0 622 626
1 523 94
0 612 786
0 298 182
0 874 837
0 117 267
0 79 806
0 748 754
0 333 278
0 453 391
0 579 240
0 781 771
0 212 397
0 438 870
0 680 831
0 290 883
0 551 593
0 858 346
0 267 200
1 182 45
0 297 660
0 327 579
0 38 132
0 688 252
0 854 5
0 346 112
0 513 539
1 587 837
0 697 663
0 566 787
0 225 852
0 209 851
1 119 646
0 323 402
0 325 178
0 271 825
0 329 747
0 719 667
0 477 351
0 122 345
1 476 99
0 26 240
0 636 747
0 465 133
0 545 302
0 413 195
0 517 308
0 242 381
0 226 837
0 449 435
0 65 387
0 680 532
0 337 329
0 90 447
0 798 157
0 453 597
0 82 763
1 225 139
0 578 857
0 565 370
0 346 11
0 523 141
0 255 351
0 501 824
0 676 728
0 121 285
0 638 108
0 852 301
0 545 332
0 878 884
0 655 393
0 855 680
0 113 885
0 8 492
0 550 675
0 475 268
0 668 59
1 322 175
0 886 221
1 201 764
0 876 734
0 410 84
0 510 649
0 556 864
0 388 341
1 287 874
0 196 847
0 346 492
0 38 799
0 163 525
0 70 228
0 841 679
0 523 19
0 404 523
0 531 649
1 230 65
0 513 566
1 186 133
0 704 581
0 620 775
0 799 417
0 794 751
0 683 532
0 728 490
0 331 521
0 31 193
0 451 405
0 569 406
0 14 800
1 700 191
0 491 768
0 668 398
0 510 874
0 807 538
0 159 357
0 591 255
1 715 597
0 88 320
1 423 763
1 812 283
0 230 548
0 215 851
0 316 788
0 235 357
0 709 661
0 744 22
0 344 364
1 174 508
0 854 768
0 464 812
0 406 673
0 839 351
0 747 543
0 895 478
0 90 282
1 512 847
0 404 876
0 422 681
0 871 306
0 227 55
0 177 435
1 675 203
0 133 572
1 517 265
0 527 557
0 147 688
1 345 403
0 424 131
0 387 538
0 482 874
1 548 255
0 476 863
0 235 217
1 346 362
0 635 740
0 454 490
0 529 12
0 53 210
1 778 522
1 806 816
0 645 283
0 858 659
0 232 64
0 203 401
0 669 833
0 46 310
0 748 533
0 761 735
0 370 94
0 317 538
0 9 654
0 539 762
0 323 433
0 232 66
0 822 417
0 58 388
1 546 568
0 540 591
0 189 570
0 876 247
0 459 61
0 199 90
0 812 825
0 733 110
0 447 474
0 620 827
1 753 376
0 463 892
0 343 786
0 866 558
0 484 167
1 803 49
0 49 529
1 673 447
0 186 152
0 169 30
0 71 27
0 103 783
0 595 226
0 390 138
1 400 469
0 670 641
0 59 148
1 811 457
1 375 65
0 318 844
0 24 113
0 300 671
1 286 302
0 313 772
0 769 213
0 644 49
1 6 529
0 511 862
0 179 502
1 320 717
0 121 494
0 347 264
0 680 600
0 129 416
0 302 55
0 31 244
0 659 191
0 531 482
0 892 118
0 866 138
0 171 747
0 290 407
0 748 673
0 863 51
0 794 277
0 268 772
0 102 522
0 675 596
0 5 245
0 882 76
0 181 490
0 368 706
0 599 14
0 271 805
0 390 420
0 340 352
0 815 76
0 788 81
0 538 351
0 306 823
0 290 771
1 355 191
0 166 284
0 639 682
1 40 499
0 472 586
0 799 613
0 436 141
0 826 427
0 528 728
0 859 554
0 390 779
0 152 277
0 281 305
0 614 251
1 300 471
0 148 236
0 485 140
1 337 464
0 773 667
0 74 303
0 808 280
0 168 139
0 413 433
0 872 524
1 450 708
0 653 516
1 577 422
1 480 794
0 358 407
0 713 147
0 51 848
0 367 773
0 796 774
0 40 851
0 262 529
0 613 847
0 264 14
0 169 171
0 280 66
1 382 292
0 746 810
0 406 572
0 3 401
0 767 474
0 458 880
1 402 587
0 845 841
1 787 429
1 54 291
0 657 295
1 551 11
0 64 348
1 200 141
0 557 406
0 674 771
0 33 128
0 578 343
0 157 353
0 169 329
0 811 699
0 702 130
0 561 587
0 186 544
0 20 614
0 267 432
0 136 433
1 194 33
0 592 595
0 893 667
0 607 714
0 146 351
0 331 118
0 270 134
0 693 391
0 110 688
0 250 315
0 67 660
0 828 362
0 728 276
0 458 633
0 444 118
0 704 141
0 723 391
0 443 866
0 727 507
0 35 217
0 637 263
0 103 864
0 595 217
1 865 439
0 161 421
0 797 170
1 442 133
0 10 281
0 246 573
1 176 572
1 827 292
0 368 510
1 826 850
0 257 604
0 501 251
0 867 494
0 115 707
0 118 358
0 821 631
0 354 597
0 873 217
0 708 654
0 583 825
0 226 251
0 858 458
0 632 646
0 143 150
0 453 837
0 324 531
0 589 243
0 38 247
1 496 236
0 361 407
0 494 354
0 643 39
0 241 859
0 394 134
0 158 626
0 387 203
0 688 176
0 834 206
0 497 126
0 880 578
0 531 29
0 613 490
0 35 141
0 268 572
0 126 848
1 177 141
0 313 521
0 186 747
0 97 633
0 490 358
0 737 1
0 629 684
0 701 474
0 311 885
0 316 771
0 506 203
0 531 463
0 810 499
0 439 247
1 344 420
0 868 503
0 516 217
0 205 626
0 313 699
1 431 141
0 263 94
0 54 889
0 187 709
0 361 362
0 236 847
0 92 401
1 500 376
0 167 581
0 112 196
0 464 813
0 699 444
0 496 247
0 207 655
0 641 353
0 886 832
1 257 157
0 318 259
0 640 616
0 614 597
0 637 740
0 826 604
1 281 427
0 654 555
0 174 631
0 567 726
0 728 245
0 622 227
0 339 38
0 762 573
0 566 543
1 61 557
0 344 381
0 191 837
1 790 22
0 4 473
0 705 816
0 709 255
0 230 277
1 638 661
1 304 9
0 520 296
0 73 484
0 100 751
0 268 125
0 438 596
0 57 660
0 384 179
0 868 270
0 758 180
0 775 492
0 893 114
0 221 100
0 853 462
0 698 661
1 816 160
0 142 450
0 419 482
0 625 649
0 377 704
0 873 94
0 140 884
1 593 247
0 574 572
0 688 641
0 165 226
0 744 890
0 725 361
0 779 203
1 587 732
0 136 348
0 699 220
0 553 18
0 526 361
0 293 802
0 615 367
0 493 582
0 604 675
0 399 179
0 699 210
0 45 238
1 33 167
0 881 727
0 268 138
1 575 305
1 338 267
0 48 203
0 38 715
0 793 506
0 343 401
0 850 469
0 624 538
0 757 115
0 890 292
0 459 369
0 228 362
1 45 587
0 326 600
1 443 806
0 45 13
1 750 766
0 407 19
0 893 596
0 267 848
1 755 889
0 253 711
0 397 450
0 32 334
0 365 578
0 371 869
1 287 141
1 407 19
0 850 361
0 816 701
0 688 588
0 447 118
0 878 437
0 829 436
1 88 772
0 588 832
1 232 262
0 843 290
0 565 407
0 676 351
0 35 184
0 474 362
0 520 247
0 761 488
0 156 751
0 200 786
0 213 880
0 688 79
0 733 491
1 601 294
0 416 248
0 68 679
0 546 575
0 771 118
0 637 883
0 6 387
0 612 431
0 363 71
0 756 590
0 806 153
0 38 698
0 408 332
0 247 292
0 371 306
0 11 108
0 591 26
1 173 739
0 175 401
0 490 191
1 603 828
0 211 251
0 767 146
1 313 862
0 550 530
1 64 37
0 348 19
0 689 497
1 705 659
0 85 196
0 348 591
1 871 707
0 239 818
0 342 29
0 285 11
0 802 816
0 217 538
0 392 13
0 599 436
1 356 276
0 99 679
1 845 883
0 527 638
0 84 488
0 335 234
0 708 401
0 878 824
7
0 2 6 13 46 50 57