858711
1910 1436 1781 1785 1771
98
248
0 1
0 4
1 1
1 2
1 4
2 2
2 3
2 4
3 0
3 1
3 4
4 2
5 2
5 3
5 4
6 0
6 1
6 2
6 3
6 4
7 0
7 2
8 0
8 1
8 3
8 4
9 0
9 2
9 3
10 0
11 0
11 2
11 3
12 3
12 4
13 1
13 2
13 3
13 4
14 0
14 1
14 3
15 0
16 2
16 3
16 4
17 2
18 1
18 2
18 3
19 1
19 2
19 3
19 4
20 1
20 2
20 4
21 0
21 1
21 2
21 3
22 0
22 3
23 1
23 3
23 4
24 2
24 3
24 4
25 3
25 4
26 0
26 1
26 2
26 4
27 1
27 4
28 2
28 3
28 4
29 0
29 3
29 4
30 0
30 1
30 2
31 1
31 2
32 2
32 4
33 0
33 3
34 2
34 3
35 2
36 1
36 4
37 3
37 4
38 4
39 1
39 2
39 4
40 1
41 1
42 0
42 2
42 3
42 4
43 1
44 1
44 4
45 1
45 3
45 4
46 3
47 0
47 2
47 3
48 1
48 3
49 0
49 2
49 3
49 4
50 0
50 1
50 3
51 1
52 1
52 3
53 0
53 1
53 4
54 1
54 3
54 4
55 1
55 3
55 4
56 2
56 3
56 4
57 2
57 3
58 0
58 1
59 1
59 2
60 0
60 3
60 4
61 0
62 0
62 3
63 3
64 0
64 1
64 3
65 1
65 3
66 0
66 2
67 0
67 1
67 2
67 3
67 4
68 0
68 1
68 3
68 4
69 1
69 2
69 4
70 1
70 3
70 4
71 0
72 0
72 2
73 1
74 0
74 2
74 3
75 0
75 1
75 2
76 0
77 0
77 1
77 2
77 3
78 0
78 1
78 3
79 1
79 3
79 4
80 0
80 1
80 2
80 3
81 0
81 1
81 2
81 3
82 1
82 3
83 3
83 4
84 0
84 1
84 2
84 3
84 4
85 0
85 1
86 1
86 2
86 3
87 2
87 3
88 2
88 3
89 0
89 1
89 3
90 0
90 3
90 4
91 3
92 1
92 3
92 4
93 0
93 2
94 1
94 2
94 4
95 2
95 3
95 4
96 0
96 2
96 3
97 1
97 3
1
24
100
0 0 9985 0 1 0
0 1 9519 0 1 0
0 2 8496 1 1 0
0 3 9520 1 0 1
0 4 9910 1 0 1
0 5 9130 1 0 1
0 6 7693 0 1 0
0 7 9800 0 1 1
0 8 3598 0 1 1
0 9 8940 0 1 0
0 10 5491 0 1 1
0 11 4394 1 0 0
0 12 5227 0 1 1
0 13 6129 1 1 0
0 14 8116 0 1 1
0 15 7833 1 0 0
0 16 8873 1 0 0
0 17 6159 1 1 0
0 18 7818 1 0 0
0 19 1974 1 0 0
0 20 2637 1 0 0
0 21 6933 1 0 0
0 22 7972 1 0 1
0 23 5576 0 1 1
0 24 7976 1 1 0
0 25 6274 0 1 1
1 26 7258 1 0 0
0 27 9318 0 1 0
0 28 9387 1 0 1
0 29 6021 1 0 0
0 30 3871 0 1 0
1 31 8533 1 0 0
0 32 9843 0 1 1
0 80 9639 0 0 1
0 34 8476 1 0 0
1 35 7733 0 1 0
0 36 8919 1 1 0
0 37 2655 1 0 1
0 38 9960 1 1 0
0 39 8601 1 0 1
0 40 9871 1 1 0
0 41 7126 0 1 0
1 42 9080 1 0 0
0 43 9483 1 1 0
1 44 8911 1 0 1
0 45 9938 0 0 1
0 46 3876 1 0 0
0 47 9925 0 1 1
0 48 9003 1 0 1
0 49 2859 1 0 0
0 50 9844 1 0 1
0 51 8882 0 1 1
0 52 5814 1 0 0
1 53 9975 1 0 0
0 54 7941 0 0 1
0 32 7594 0 1 0
0 56 8741 1 0 1
0 57 4979 1 0 1
0 58 2486 0 1 0
0 59 6719 1 1 0
0 60 4923 0 1 1
0 61 8914 0 0 1
0 30 5222 1 0 1
0 63 9999 0 0 1
1 64 9989 0 1 0
0 51 7825 0 1 0
0 66 9107 0 0 1
0 67 3895 0 0 1
1 68 5585 0 1 1
0 69 6110 0 1 0
1 70 8309 0 1 0
1 71 9073 0 0 1
0 72 5701 1 0 1
0 73 7009 0 1 0
0 74 5820 0 1 1
0 75 9899 1 0 0
0 76 7773 1 0 1
0 77 7534 0 0 1
0 78 8445 1 0 0
0 79 9957 0 1 0
0 80 9557 1 0 1
0 81 3776 1 0 1
1 82 7491 1 0 0
0 83 3846 1 0 0
0 84 4185 1 0 1
0 85 6037 0 1 0
0 86 8582 0 1 0
0 87 8944 0 0 1
0 88 8724 0 1 0
0 89 8398 1 0 0
0 90 8883 0 1 1
0 91 6192 1 0 0
0 92 9528 1 1 0
0 93 9005 0 1 0
0 94 8777 1 0 1
0 95 9133 1 0 0
0 96 4194 1 0 1
1 97 8991 1 0 1
0 73 9618 0 1 1
1 45 8513 1 1 0
910
2 0 0 0 11213266 90245768
1 5733891 0 348829 0 0
0 39670839 4871252 0 0 0
0 17978703 12676359 0 0 0
2 0 0 0 62292617 6078895
2 0 0 0 2052637 46071706
0 217508940 30367191 0 0 0
2 0 0 0 1165093 54874903
2 0 0 0 1078910 43561065
0 6085140 10975033 0 0 0
0 12113942 4351891 0 0 0
2 0 0 0 44452363 41279302
2 0 0 0 11983503 29009840
1 355244 0 11364584 0 0
0 12443135 111096673 0 0 0
0 73280799 129460592 0 0 0
0 342374750 449421926 0 0 0
0 1247463 322969465 0 0 0
1 79435081 0 26293867 0 0
0 126432576 3709497 0 0 0
1 8316280 0 17764388 0 0
1 6824333 0 37618398 0 0
1 17821831 0 17942554 0 0
2 0 0 0 2130594 22308995
0 34348756 40603266 0 0 0
1 5944933 0 45470389 0 0
0 215137 10898481 0 0 0
0 5331520 46753649 0 0 0
1 87367 0 47844491 0 0
2 0 0 0 38544011 88998679
0 85891565 165358625 0 0 0
2 0 0 0 578018 713400
2 0 0 0 21584415 7366317
2 0 0 0 57561159 56658650
0 335653002 168219453 0 0 0
1 71714367 0 165226 0 0
0 153947057 218424961 0 0 0
0 668018 17520812 0 0 0
1 195787601 0 341991558 0 0
2 0 0 0 41098392 33335202
0 119913403 85143957 0 0 0
1 52055878 0 21084168 0 0
1 966005 0 50720360 0 0
0 6422173 10483520 0 0 0
0 1402151 3231385 0 0 0
2 0 0 0 33218505 32997088
1 165950933 0 29226344 0 0
2 0 0 0 4928314 1692576
2 0 0 0 10655846 220790465
2 0 0 0 52307582 5601840
1 835256 0 10856770 0 0
0 871500 64168625 0 0 0
0 36439951 951381 0 0 0
1 95974789 0 41341890 0 0
2 0 0 0 25713513 5299
1 22408500 0 60808770 0 0
2 0 0 0 22696046 15469467
0 34429232 56074972 0 0 0
0 9370662 142904327 0 0 0
0 1736773 18128895 0 0 0
2 0 0 0 920160 105539257
0 147695181 203550948 0 0 0
1 207243603 0 4792784 0 0
2 0 0 0 27567353 21607950
1 41150806 0 4698188 0 0
0 53408720 249340 0 0 0
1 28614587 0 43480763 0 0
0 53143385 293805046 0 0 0
1 94768591 0 58785371 0 0
1 43358973 0 13240541 0 0
1 61280682 0 143696343 0 0
2 0 0 0 204614895 2853181
1 550766 0 111030742 0 0
1 36684889 0 65577781 0 0
0 105825441 4853636 0 0 0
1 77941973 0 39620094 0 0
0 90841315 107592084 0 0 0
2 0 0 0 1681221 85439007
2 0 0 0 21815235 13555169
2 0 0 0 733864 13138763
2 0 0 0 93003133 6191043
1 745023 0 15632280 0 0
2 0 0 0 254732959 2569522
2 0 0 0 39930 102534077
1 22454502 0 20611039 0 0
0 43703622 69571428 0 0 0
2 0 0 0 14981837 13699402
0 16804051 95938423 0 0 0
0 53231802 33446639 0 0 0
2 0 0 0 85712215 20515030
2 0 0 0 50281126 262235
1 35203635 0 171746706 0 0
2 0 0 0 91274128 2726970
2 0 0 0 28055190 202277630
2 0 0 0 204753940 103083830
2 0 0 0 156651 39178087
2 0 0 0 248959421 2672770
1 30924888 0 5962577 0 0
2 0 0 0 33874990 5433449
2 0 0 0 1613627 20886834
1 7090223 0 3886894 0 0
2 0 0 0 72162913 11001093
0 74831528 15837299 0 0 0
1 45063866 0 19468568 0 0
1 48519421 0 44437397 0 0
2 0 0 0 1343771 157894
2 0 0 0 67442057 17565343
0 1340715 105196649 0 0 0
2 0 0 0 32859315 136889067
2 0 0 0 3446050 1918918
0 159550448 21509740 0 0 0
1 159277141 0 25614288 0 0
1 14785402 0 152199267 0 0
1 24687584 0 33100587 0 0
1 54318333 0 6375316 0 0
0 145933711 4061422 0 0 0
0 80940182 107438798 0 0 0
1 114788910 0 231825202 0 0
1 4707716 0 3068336 0 0
2 0 0 0 28636952 220975257
0 1115615 15551145 0 0 0
0 19572893 477088 0 0 0
1 117779304 0 37875393 0 0
1 22756443 0 20683176 0 0
0 383644084 3549919 0 0 0
2 0 0 0 3969416 9497905
2 0 0 0 5099749 55776140
0 26382035 36759224 0 0 0
0 27896105 284234988 0 0 0
2 0 0 0 4373140 28165243
0 40121878 7162650 0 0 0
0 13842895 32878799 0 0 0
0 134339175 698314 0 0 0
0 159758 250735353 0 0 0
1 1916913 0 48181623 0 0
2 0 0 0 769656 4150754
2 0 0 0 44522342 289289449
0 123096604 756065 0 0 0
0 33607020 42530424 0 0 0
0 300522102 54496000 0 0 0
2 0 0 0 62499991 328240026
1 209303 0 26137458 0 0
1 18877956 0 15858835 0 0
1 14665526 0 10243187 0 0
2 0 0 0 59208382 417305
0 6095835 102332593 0 0 0
0 21374109 39258 0 0 0
1 6873834 0 2711979 0 0
1 206847 0 8327560 0 0
1 43747230 0 555047 0 0
0 266201055 22268981 0 0 0
1 12587808 0 389384 0 0
0 12763542 136357702 0 0 0
1 3037945 0 1461860 0 0
0 48460456 174914713 0 0 0
2 0 0 0 106328108 60498146
2 0 0 0 28423218 248996
2 0 0 0 11964168 445195844
1 138551057 0 30818543 0 0
0 7769119 16993672 0 0 0
0 8492742 200634582 0 0 0
2 0 0 0 196735884 442787
2 0 0 0 9662278 1498233
0 28859496 19059341 0 0 0
2 0 0 0 33110546 160285
1 22707512 0 17207330 0 0
0 4036899 2481816 0 0 0
2 0 0 0 1900071 68687072
1 123548401 0 19613662 0 0
0 21444844 94390700 0 0 0
1 72223950 0 17839989 0 0
2 0 0 0 53334731 62725871
0 150104 172278715 0 0 0
2 0 0 0 3066458 120102453
2 0 0 0 18031316 119929589
1 20539378 0 2704670 0 0
1 2903411 0 12083662 0 0
1 44387671 0 248394978 0 0
2 0 0 0 48262675 130433
0 142537858 2993999 0 0 0
2 0 0 0 88052136 70009099
0 2319409 2489536 0 0 0
0 203358162 9094239 0 0 0
1 19246832 0 106141183 0 0
1 41543846 0 16910614 0 0
1 78579258 0 7342121 0 0
0 10270118 58954761 0 0 0
2 0 0 0 138007575 16625823
1 28298513 0 626843 0 0
2 0 0 0 74639437 817642
2 0 0 0 16126487 112578128
1 53634587 0 80108914 0 0
0 9998293 3068918 0 0 0
1 36667584 0 12453691 0 0
2 0 0 0 1014990 28596922
1 2457871 0 68161173 0 0
1 280833713 0 12687395 0 0
0 4820093 2406700 0 0 0
0 12065001 2479520 0 0 0
2 0 0 0 222822 32154320
2 0 0 0 54940811 95010397
2 0 0 0 293002491 44071462
0 16429777 2179918 0 0 0
1 14561371 0 57806851 0 0
0 25835508 145048744 0 0 0
1 1512953 0 21419597 0 0
0 5805461 16397493 0 0 0
2 0 0 0 153992567 17606217
2 0 0 0 99163011 75985004
0 126775 1666753 0 0 0
0 28119774 9527845 0 0 0
1 88895833 0 28222904 0 0
1 85354048 0 37377201 0 0
0 3674834 48788187 0 0 0
2 0 0 0 10712330 216713938
1 216564543 0 89128546 0 0
1 208280016 0 18188306 0 0
2 0 0 0 38842410 18163057
1 1551913 0 72953915 0 0
0 6382245 85872089 0 0 0
1 9327222 0 178319010 0 0
1 27035457 0 31816634 0 0
2 0 0 0 32407932 7875779
1 358456615 0 1189277 0 0
0 402896208 138836793 0 0 0
1 734122649 0 122491219 0 0
0 12357581 1282842 0 0 0
1 181931 0 847804 0 0
2 0 0 0 69545850 93756
2 0 0 0 28968319 115011524
2 0 0 0 6570046 59616437
0 204995241 394658 0 0 0
2 0 0 0 24422259 1207597
2 0 0 0 108099011 290192896
0 186373107 566220 0 0 0
2 0 0 0 2518538 65457084
0 131929036 1654790 0 0 0
2 0 0 0 48621183 32104659
2 0 0 0 32734172 53509102
0 151818 150467941 0 0 0
1 20155834 0 730157 0 0
0 200397422 7747512 0 0 0
2 0 0 0 7111270 139412
0 111722913 192009021 0 0 0
1 27457243 0 25563342 0 0
1 29566882 0 73454546 0 0
2 0 0 0 26706712 12861641
2 0 0 0 7424271 56452146
1 13372195 0 66603843 0 0
1 1435109 0 21186813 0 0
1 178174183 0 44022830 0 0
1 133123035 0 12291985 0 0
2 0 0 0 83704771 31671533
1 4802606 0 28296834 0 0
2 0 0 0 55611688 68059885
0 38620383 25762612 0 0 0
0 41362999 19531237 0 0 0
0 49617075 267236641 0 0 0
1 63954664 0 1814071 0 0
0 11273502 26393156 0 0 0
2 0 0 0 20010921 110138525
0 84076414 3419373 0 0 0
0 5728131 15275256 0 0 0
0 92257172 25542008 0 0 0
0 15341589 77766799 0 0 0
1 193277 0 640703 0 0
0 291493101 153568879 0 0 0
0 19536109 3815392 0 0 0
1 22683912 0 67992427 0 0
1 566964785 0 425217 0 0
2 0 0 0 22732558 2684508
0 55882500 6296331 0 0 0
2 0 0 0 102983680 2630454
0 2441779 7679635 0 0 0
1 2574076 0 13995910 0 0
1 7478913 0 41623700 0 0
1 2192019 0 352851474 0 0
1 12208474 0 455804 0 0
2 0 0 0 351876053 37940504
1 46247392 0 1225166 0 0
1 681889 0 80092 0 0
2 0 0 0 7360556 7704914
1 84896270 0 124360067 0 0
2 0 0 0 26973765 161951301
0 13926797 33254 0 0 0
2 0 0 0 1367435 254464898
2 0 0 0 8632923 14425083
2 0 0 0 6701121 117472681
0 13752031 12433761 0 0 0
2 0 0 0 6397140 131295064
0 135210 129318902 0 0 0
2 0 0 0 194544232 12681157
2 0 0 0 31551171 49996572
1 45652082 0 280111598 0 0
2 0 0 0 16949 127202696
1 47255852 0 11542425 0 0
0 21736434 53027608 0 0 0
2 0 0 0 31024954 284239821
2 0 0 0 65382772 53022988
2 0 0 0 68461814 9552726
2 0 0 0 37465525 20043181
0 5941274 43845085 0 0 0
2 0 0 0 47434740 156715702
1 93992415 0 20641040 0 0
2 0 0 0 4020269 10144553
2 0 0 0 10271019 352588095
1 8376626 0 56652 0 0
0 32871143 47580427 0 0 0
0 7567049 3745782 0 0 0
0 29659159 724511125 0 0 0
2 0 0 0 413455 139327048
1 28943660 0 184631098 0 0
0 3765212 42413217 0 0 0
0 91428875 33909 0 0 0
1 209781283 0 61968437 0 0
0 4928455 221995888 0 0 0
1 709056 0 578162 0 0
0 29627 180111 0 0 0
0 56941723 87849114 0 0 0
0 24165676 18063784 0 0 0
2 0 0 0 8281943 27503385
1 16330150 0 47742604 0 0
1 15786142 0 3479280 0 0
1 832184 0 189678656 0 0
0 128403867 4458724 0 0 0
1 18093259 0 89318626 0 0
2 0 0 0 1054423 202578356
1 4288429 0 64864400 0 0
0 21336827 8323601 0 0 0
0 92763627 46279003 0 0 0
1 136761813 0 64127781 0 0
2 0 0 0 137996588 5996706
1 41789136 0 269750009 0 0
2 0 0 0 102993897 27097070
2 0 0 0 425890633 49909280
0 5271892 109777285 0 0 0
0 48747327 221382729 0 0 0
2 0 0 0 6113593 140101960
1 419516146 0 430241978 0 0
0 22505639 19353478 0 0 0
0 82872304 728577 0 0 0
1 463319 0 106860516 0 0
2 0 0 0 12287120 47219273
0 68698521 80245691 0 0 0
1 39146500 0 6499215 0 0
1 62730824 0 25220258 0 0
0 50113709 888 0 0 0
0 36205420 28750171 0 0 0
0 28120473 122307399 0 0 0
1 64678834 0 3059809 0 0
2 0 0 0 49913323 305437054
0 203043029 1904742 0 0 0
2 0 0 0 171524843 1245200
1 6630994 0 92732324 0 0
0 6381768 155642 0 0 0
0 24549778 59141544 0 0 0
1 351108 0 2783688 0 0
1 193992326 0 306361603 0 0
2 0 0 0 6942015 5357840
2 0 0 0 13208686 4650664
1 120574318 0 52573063 0 0
1 66579261 0 17088428 0 0
0 29994496 82076 0 0 0
2 0 0 0 189311667 234607273
1 4807288 0 3169844 0 0
1 1443241 0 6588292 0 0
0 62209599 5815559 0 0 0
1 6873237 0 15708338 0 0
2 0 0 0 21719627 108321775
2 0 0 0 53448850 2626973
1 46999799 0 45499045 0 0
1 31937832 0 220050200 0 0
1 29167324 0 211748141 0 0
2 0 0 0 209174294 38671381
2 0 0 0 16492025 12058056
2 0 0 0 8000776 2177
1 67229511 0 1943527 0 0
0 39207003 6588242 0 0 0
1 6529796 0 4121053 0 0
1 39213519 0 22599586 0 0
0 57086441 113654388 0 0 0
1 278267 0 54618661 0 0
1 6519095 0 187651560 0 0
0 113160057 8869851 0 0 0
2 0 0 0 13449087 5631270
1 37168569 0 17891393 0 0
2 0 0 0 33515756 127024679
2 0 0 0 13548397 22517820
0 10680281 4856523 0 0 0
2 0 0 0 20057858 28751385
0 2337480 239145742 0 0 0
1 381804771 0 9919168 0 0
0 348824 5314017 0 0 0
0 4449942 174904217 0 0 0
2 0 0 0 10735122 48031853
2 0 0 0 2579833 9154263
1 33435036 0 97887155 0 0
1 23544799 0 794736 0 0
1 52715425 0 33655287 0 0
2 0 0 0 76925819 26408445
0 48443979 302063753 0 0 0
2 0 0 0 101608622 3552134
2 0 0 0 221812874 113633299
0 35329941 905892606 0 0 0
1 710503 0 2609534 0 0
1 75836734 0 7899803 0 0
0 482274 233236 0 0 0
2 0 0 0 364287654 93221696
1 13620693 0 6953807 0 0
2 0 0 0 81250056 460078070
1 73489386 0 2783598 0 0
2 0 0 0 63750577 29097473
0 223219 59837791 0 0 0
0 160425 791773 0 0 0
2 0 0 0 19302632 197737793
2 0 0 0 165449155 371367407
2 0 0 0 213766218 6848065
2 0 0 0 117980920 513120869
2 0 0 0 46549808 439646404
1 1428191 0 2023847 0 0
2 0 0 0 107849758 2155916
2 0 0 0 4672298 11136678
2 0 0 0 398701 2402558
1 50851488 0 7069281 0 0
2 0 0 0 12105061 8512131
0 50729024 11063795 0 0 0
2 0 0 0 11457011 2102659
0 16723134 229710094 0 0 0
2 0 0 0 2352456 12726307
2 0 0 0 40300214 24944216
2 0 0 0 19363068 2689614
0 25057724 6689912 0 0 0
1 119274142 0 23304723 0 0
0 2445919 663466 0 0 0
1 30135304 0 5869799 0 0
1 216479114 0 40753885 0 0
0 6682942 46453249 0 0 0
2 0 0 0 38764452 191066595
0 366004608 25698751 0 0 0
0 47939640 1796360 0 0 0
1 124578816 0 3530687 0 0
0 392818 6918764 0 0 0
0 160008158 116428 0 0 0
0 60405090 124455560 0 0 0
0 4607 33859024 0 0 0
2 0 0 0 7048388 1039723
1 34913636 0 120782796 0 0
0 34753659 246869718 0 0 0
2 0 0 0 21899306 40148442
0 22486896 47013037 0 0 0
0 55719953 159799256 0 0 0
2 0 0 0 27439826 50040893
2 0 0 0 4839675 440387
2 0 0 0 26807529 36870
0 160024430 50056273 0 0 0
0 7811666 295869085 0 0 0
2 0 0 0 7084966 177103377
1 1025311 0 86913046 0 0
0 3374846 7039253 0 0 0
0 12340812 8363297 0 0 0
2 0 0 0 69988896 22331725
0 12595499 102658369 0 0 0
1 2495634 0 57496133 0 0
1 84032278 0 6803974 0 0
2 0 0 0 188640124 9836784
1 5926541 0 118786039 0 0
2 0 0 0 61652944 127457278
0 279284875 83312558 0 0 0
2 0 0 0 6217446 41525355
2 0 0 0 3321900 37654135
2 0 0 0 147096994 11259051
1 37416317 0 90816600 0 0
2 0 0 0 17011673 2555508
0 154945 9377807 0 0 0
2 0 0 0 38855933 40517011
2 0 0 0 76706616 53254007
1 90077257 0 9450504 0 0
1 48812007 0 21216205 0 0
1 4200878 0 2002116 0 0
2 0 0 0 63979589 59499685
2 0 0 0 9795040 82085437
1 6888349 0 22263903 0 0
0 1483710 66132585 0 0 0
2 0 0 0 282181652 38763343
2 0 0 0 7538466 3039452
2 0 0 0 445583 45617000
2 0 0 0 48060594 3480545
1 31468696 0 30531785 0 0
0 29009620 169749941 0 0 0
1 71385441 0 5185869 0 0
2 0 0 0 15741195 141638157
0 4299463 28161412 0 0 0
1 215541039 0 46421058 0 0
1 7586003 0 8488 0 0
2 0 0 0 17162793 31672546
2 0 0 0 193061 4667151
0 2253354 2205685 0 0 0
0 12564485 12072382 0 0 0
2 0 0 0 99212112 1205445
2 0 0 0 253305957 13356809
1 41968336 0 4147573 0 0
1 14503718 0 2061560 0 0
2 0 0 0 139320812 46193944
2 0 0 0 14901895 106736226
0 440243624 14318558 0 0 0
0 74093443 119281166 0 0 0
1 3494103 0 7840367 0 0
1 7515146 0 6133189 0 0
1 298447 0 40879568 0 0
2 0 0 0 22907337 48549228
0 26176597 11850830 0 0 0
0 77445052 39275634 0 0 0
1 116443 0 69227564 0 0
1 198279215 0 261877512 0 0
0 66780326 8743482 0 0 0
0 61704 1689515 0 0 0
2 0 0 0 3371504 19570418
0 11827222 93212021 0 0 0
2 0 0 0 62667863 45470167
2 0 0 0 7093534 186988267
1 98115654 0 2480801 0 0
2 0 0 0 946713 72646335
1 141016049 0 130467474 0 0
1 52358586 0 103171880 0 0
0 148327368 64594978 0 0 0
2 0 0 0 66180383 21054192
1 7137528 0 345610 0 0
1 12760978 0 31181886 0 0
1 3852836 0 21596760 0 0
2 0 0 0 11945813 326959197
2 0 0 0 6920184 13375749
2 0 0 0 67851909 20121973
0 285599 2401411 0 0 0
1 1272098 0 8438721 0 0
2 0 0 0 13162613 4994474
0 110542107 126733073 0 0 0
0 4413736 77031 0 0 0
0 46694685 5199439 0 0 0
1 37422018 0 3409148 0 0
1 6651118 0 33070066 0 0
2 0 0 0 12762181 50339416
0 294008997 9191959 0 0 0
2 0 0 0 61249763 4394499
2 0 0 0 42735314 1749346
2 0 0 0 6396374 185246235
0 65808769 268697294 0 0 0
0 48918259 137934937 0 0 0
2 0 0 0 146730760 7167334
1 81717840 0 13147110 0 0
0 69811772 77076387 0 0 0
0 7286716 9215182 0 0 0
1 103619718 0 74353757 0 0
2 0 0 0 5149360 38697650
1 224413 0 18676467 0 0
0 136120868 9693687 0 0 0
1 81827896 0 27330637 0 0
1 12528007 0 9033988 0 0
1 3313017 0 14462906 0 0
2 0 0 0 9711088 131704788
2 0 0 0 12303018 220671847
2 0 0 0 11894551 34505172
1 296138695 0 9117105 0 0
2 0 0 0 7030952 17131912
2 0 0 0 30334171 3529212
0 13471350 230809237 0 0 0
2 0 0 0 94531648 79426760
2 0 0 0 28211904 223256815
0 3862029 2395442 0 0 0
1 77176969 0 94320349 0 0
0 2154202 71948756 0 0 0
0 2059075 7047453 0 0 0
2 0 0 0 27810994 18536879
2 0 0 0 77233946 107792458
2 0 0 0 13034645 39972450
1 12708300 0 60314487 0 0
0 9360478 907566 0 0 0
1 125406345 0 118130645 0 0
2 0 0 0 121958580 2755963
2 0 0 0 213404759 55361449
1 1293294 0 4206657 0 0
2 0 0 0 178503808 133319175
1 20115838 0 3264983 0 0
2 0 0 0 13939488 852848
1 34174030 0 12301732 0 0
2 0 0 0 138658884 9451307
1 79330688 0 151938979 0 0
0 13161386 361523 0 0 0
0 43829843 18771078 0 0 0
0 1206098 283935 0 0 0
1 40203035 0 72665222 0 0
2 0 0 0 227274724 36498523
1 16615393 0 138952749 0 0
0 4616852 21693634 0 0 0
0 975445 80827754 0 0 0
2 0 0 0 12590690 236240127
1 132656814 0 26849406 0 0
0 9414789 10296179 0 0 0
1 107095611 0 18701590 0 0
1 126861008 0 223599143 0 0
0 114578711 31999305 0 0 0
2 0 0 0 125361693 81058311
2 0 0 0 1505686 18452163
0 111322204 83053257 0 0 0
1 22312572 0 216140789 0 0
2 0 0 0 85996572 25263613
0 93417430 604678 0 0 0
1 86022362 0 270794620 0 0
2 0 0 0 3226512 8907091
0 28041184 2705627 0 0 0
1 74723410 0 59975536 0 0
0 170800511 1699245 0 0 0
1 9085195 0 150047025 0 0
1 379024231 0 148451 0 0
1 21379880 0 131097228 0 0
1 7960738 0 14986228 0 0
1 121430360 0 4722748 0 0
0 1292968 20816978 0 0 0
1 2164653 0 246071 0 0
0 38477404 111488841 0 0 0
0 3558028 115980910 0 0 0
0 30358293 3733804 0 0 0
1 102951774 0 1883 0 0
2 0 0 0 4421171 36335653
2 0 0 0 152594689 31444421
0 19624521 154021635 0 0 0
0 49544 48101621 0 0 0
2 0 0 0 6672916 21368038
2 0 0 0 98787576 428036
0 1810020 71625 0 0 0
2 0 0 0 7632077 4187603
1 137691615 0 6210 0 0
1 387194630 0 4387351 0 0
0 18227198 4547621 0 0 0
0 284073 196917244 0 0 0
1 28461616 0 25403911 0 0
2 0 0 0 77853179 114790350
1 18711951 0 23851566 0 0
0 178591127 231137521 0 0 0
0 2265797 62390502 0 0 0
0 8835021 7196050 0 0 0
2 0 0 0 30842264 192716739
0 113791003 96631823 0 0 0
1 54702273 0 6761091 0 0
1 84657087 0 77462167 0 0
0 93667791 330097394 0 0 0
0 1990508 9798488 0 0 0
1 3446596 0 672603 0 0
0 509446 7538764 0 0 0
2 0 0 0 115041769 122850426
2 0 0 0 51967321 1800122
0 3683308 233578913 0 0 0
1 178205226 0 2589 0 0
1 74481439 0 476338 0 0
2 0 0 0 2148347 20911828
0 68836759 33564547 0 0 0
1 11986199 0 12455002 0 0
1 83066603 0 21737434 0 0
1 237206757 0 3145694 0 0
0 78163052 2134460 0 0 0
0 1249376 241494219 0 0 0
2 0 0 0 37334702 155230787
1 25189218 0 18183667 0 0
2 0 0 0 18841915 49126
1 58507496 0 55636621 0 0
2 0 0 0 1135799 8956991
2 0 0 0 5904445 3983864
0 341702 270790055 0 0 0
1 8016740 0 17111061 0 0
0 67976478 76951803 0 0 0
1 98765579 0 14272779 0 0
2 0 0 0 128678449 134006630
1 50327185 0 37729293 0 0
2 0 0 0 30707168 20812403
1 431160 0 19762855 0 0
1 88908264 0 36481466 0 0
0 95028209 417706123 0 0 0
0 100966409 157308194 0 0 0
2 0 0 0 14415689 25615258
0 42357414 147148586 0 0 0
0 137933827 1862727 0 0 0
1 6962386 0 3151429 0 0
1 182688880 0 111825479 0 0
2 0 0 0 26187158 2196009
1 2004805 0 260307951 0 0
2 0 0 0 962969 80576987
2 0 0 0 49860561 2732932
1 20061873 0 36229359 0 0
0 1079777 341215 0 0 0
0 9168525 108580413 0 0 0
2 0 0 0 49164576 37912842
2 0 0 0 26996342 36752475
1 1289370 0 163737196 0 0
0 42316369 6218347 0 0 0
2 0 0 0 17745427 8886126
0 2739050 1746622 0 0 0
2 0 0 0 38083633 88142468
2 0 0 0 112123466 217172162
2 0 0 0 73357714 90935550
2 0 0 0 14399234 11530828
0 46592172 15246600 0 0 0
1 1583623 0 4030686 0 0
2 0 0 0 925815 122456601
2 0 0 0 51637136 14796482
0 147423641 48488473 0 0 0
2 0 0 0 388763963 24218866
2 0 0 0 966524 64405633
2 0 0 0 24107519 6250138
2 0 0 0 3855521 24090963
2 0 0 0 26434773 41950483
0 2870917 3539880 0 0 0
0 28206505 153219029 0 0 0
0 55152562 1359959 0 0 0
2 0 0 0 204771432 15917976
1 31705013 0 516985 0 0
2 0 0 0 10510760 1260331
2 0 0 0 21622699 3926755
0 2270636 26426637 0 0 0
1 114284462 0 24432508 0 0
1 59818061 0 7462021 0 0
0 18557401 5640162 0 0 0
1 36409394 0 85716187 0 0
2 0 0 0 26874738 4151962
2 0 0 0 4754180 2763065
0 124311180 37890062 0 0 0
0 67677055 4831955 0 0 0
2 0 0 0 56912491 82678231
2 0 0 0 1928805 19164041
1 76572306 0 27378984 0 0
1 71786547 0 6814858 0 0
1 23265664 0 109596371 0 0
1 11391103 0 829373 0 0
0 4153698 37286479 0 0 0
2 0 0 0 18319 2974242
0 21323971 1365412 0 0 0
2 0 0 0 1869385 854744
0 52946392 2922244 0 0 0
0 10379413 104826737 0 0 0
0 27338856 1938002 0 0 0
0 28970178 71868678 0 0 0
2 0 0 0 12395878 242767
1 9816988 0 67417510 0 0
0 1160577 41244094 0 0 0
0 81238945 405316748 0 0 0
1 20312671 0 79221641 0 0
0 15941617 1233273 0 0 0
0 43130176 16997615 0 0 0
1 132843291 0 15375808 0 0
1 22195611 0 248562705 0 0
1 3286739 0 19972055 0 0
2 0 0 0 3173440 60806641
1 2137927 0 10333878 0 0
0 37923049 2294620 0 0 0
2 0 0 0 876652 55819532
1 29651638 0 236885095 0 0
1 4698631 0 180125152 0 0
2 0 0 0 7424647 21872557
2 0 0 0 19257370 2592740
1 26052286 0 87077656 0 0
2 0 0 0 14214738 395320
0 1133610 84784532 0 0 0
0 85811 16279078 0 0 0
0 291106 5960105 0 0 0
2 0 0 0 86415367 39995260
0 9181817 24308188 0 0 0
0 166518002 9454577 0 0 0
2 0 0 0 48365936 21844256
0 47128203 2789375 0 0 0
2 0 0 0 73034625 104402441
1 59058346 0 2301498 0 0
0 44957094 10726655 0 0 0
2 0 0 0 4872551 3557552
0 62997850 1691417 0 0 0
2 0 0 0 72171399 42363394
2 0 0 0 3149960 108427513
2 0 0 0 4151223 25984574
1 36497823 0 78550732 0 0
1 87501824 0 2673556 0 0
0 2792879 1219790 0 0 0
2 0 0 0 292002581 134397917
2 0 0 0 5457297 133440513
2 0 0 0 84341380 29650284
2 0 0 0 19207727 270872188
0 316797597 6525053 0 0 0
1 14205356 0 51668943 0 0
0 46194644 432259379 0 0 0
1 27959622 0 42887041 0 0
0 8007793 6248717 0 0 0
2 0 0 0 40498782 140812540
2 0 0 0 2077277 4272692
2 0 0 0 54499700 150129138
2 0 0 0 37412269 194562891
0 278601099 18237119 0 0 0
1 2279531 0 537011 0 0
1 39968386 0 145724883 0 0
0 51739922 11176229 0 0 0
1 88640398 0 168288455 0 0
0 7145824 214035 0 0 0
1 2575392 0 66951912 0 0
1 371336 0 6977339 0 0
1 139532479 0 7374333 0 0
0 17355866 469586 0 0 0
0 54875869 58980422 0 0 0
0 519722 3362047 0 0 0
2 0 0 0 19060641 544613343
1 372110 0 16308844 0 0
0 3032716 9135326 0 0 0
0 2214792 440944 0 0 0
2 0 0 0 190106213 242982407
2 0 0 0 478198 106554
2 0 0 0 2259773 15552892
1 1603707 0 14649163 0 0
1 115599821 0 128106735 0 0
0 19397419 554340034 0 0 0
0 78068366 10566206 0 0 0
2 0 0 0 68303228 17756692
1 39219658 0 5743189 0 0
0 23844078 325998401 0 0 0
2 0 0 0 9168919 30920
2 0 0 0 1731215 35716460
1 42437467 0 4689492 0 0
0 260437219 519503 0 0 0
0 179426596 52682744 0 0 0
0 108757770 64794206 0 0 0
0 72706207 21859549 0 0 0
1 41847723 0 1735126 0 0
2 0 0 0 351075 103959562
0 14129394 19993072 0 0 0
0 229915464 8212227 0 0 0
2 0 0 0 105094506 10611959
2 0 0 0 134704 31760256
2 0 0 0 280474 150284377
1 241371077 0 84350571 0 0
1 16505327 0 101349169 0 0
1 30122061 0 11472205 0 0
1 84062933 0 5478836 0 0
1 333401331 0 120722784 0 0
2 0 0 0 12003022 6060465
1 95182 0 24174235 0 0
0 181626955 9214671 0 0 0
2 0 0 0 4583856 8137909
0 125450939 54084457 0 0 0
1 16809445 0 73154648 0 0
1 200280418 0 8115106 0 0
0 121658926 3855072 0 0 0
1 41872283 0 2184804 0 0
0 372015769 39431760 0 0 0
1 34248873 0 5341984 0 0
1 35121853 0 976128 0 0
0 335924 264549 0 0 0
0 17854679 79030400 0 0 0
2 0 0 0 138954053 705501
1 122479048 0 37190157 0 0
2 0 0 0 153500230 107580
2 0 0 0 45103970 226934618
2 0 0 0 182647621 1646486
2 0 0 0 56877173 15003699
2 0 0 0 16432348 1849642
2 0 0 0 131576623 29751171
2 0 0 0 16499787 385086687
2 0 0 0 328546595 110722630
0 562302 21292027 0 0 0
2 0 0 0 1301580 152548984
1 49460454 0 228218310 0 0
1 96036707 0 92161442 0 0
1 38059607 0 6164407 0 0
0 6450770 4238470 0 0 0
0 2028328 3784002 0 0 0
1 27404487 0 14518531 0 0
0 61136907 82580796 0 0 0
2 0 0 0 16510 47668328
0 180755 14230457 0 0 0
1 1036297 0 756068 0 0
1 2422941 0 3172446 0 0
1 6168884 0 291019289 0 0
2 0 0 0 296072385 75624607
0 6816483 132142866 0 0 0
1 1009273 0 18274269 0 0
0 12308113 2468590 0 0 0
1 1573603 0 66802859 0 0
1 858567 0 142808755 0 0
2 0 0 0 104446188 39761553
1 5710023 0 287123082 0 0
0 178702601 108847310 0 0 0
1 35049351 0 250678 0 0
1 24011744 0 12319555 0 0
1 10915216 0 64199080 0 0
1 4356405 0 11173548 0 0
1 149143992 0 3880068 0 0
0 79859693 49515491 0 0 0
1 49446539 0 18666089 0 0
2 0 0 0 1911039 9961340
0 197748293 349389058 0 0 0
0 5358695 26811004 0 0 0
0 95088275 14729682 0 0 0
0 249275939 19501383 0 0 0
2 0 0 0 27617685 542613
1 237179048 0 24443559 0 0
1 139207773 0 30201300 0 0
1 22640099 0 18668748 0 0
0 81303480 222767888 0 0 0
0 447182 22923447 0 0 0
2 0 0 0 261338874 96635501
1 44529313 0 2096338 0 0
1 426146690 0 2044783 0 0
0 307126 2336916 0 0 0
0 3131352 1309760 0 0 0
2 0 0 0 12761331 179580767
0 42186941 423222023 0 0 0
1 5869623 0 116232291 0 0
1 5073646 0 206513515 0 0
969
0 714 426
1 426 124
0 714 74
0 714 242
0 242 429
0 242 202
1 242 477
0 429 456
0 426 106
0 477 510
0 242 635
0 74 45
0 74 432
0 429 250
0 714 320
1 429 446
0 510 16
0 635 0
0 16 603
0 106 33
0 33 270
0 202 856
0 320 217
0 426 102
0 202 536
0 446 179
0 74 837
0 714 687
0 432 71
0 446 119
0 119 296
0 270 850
0 102 634
0 320 316
0 426 735
0 0 43
0 856 523
0 33 815
0 0 99
0 523 581
0 581 601
0 242 239
0 446 234
0 0 108
0 603 80
0 108 177
0 45 386
0 43 251
0 179 420
1 99 646
0 635 538
0 510 818
0 646 451
0 538 808
0 510 741
0 634 579
0 687 78
0 16 622
0 741 254
0 451 610
0 242 649
0 523 670
0 579 791
0 634 401
1 741 686
0 634 832
0 687 425
0 603 757
0 425 639
0 850 506
0 856 243
0 106 854
0 234 379
1 510 272
1 426 418
0 0 907
0 536 556
0 33 163
0 242 748
0 179 806
0 379 12
0 634 855
0 12 292
0 239 650
0 45 862
1 506 591
0 386 835
0 177 813
1 124 333
0 80 67
0 591 782
0 16 569
0 254 391
1 379 436
0 579 6
0 45 69
0 333 606
0 815 684
0 425 738
0 450 307
0 711 247
0 360 409
0 426 82
0 159 573
0 227 904
0 103 213
1 591 600
0 359 353
0 472 377
0 585 729
1 811 372
0 623 353
0 891 411
1 350 892
0 563 747
0 269 42
1 805 390
0 317 482
0 220 304
1 360 185
0 481 573
0 191 315
0 47 223
0 198 459
0 488 345
1 17 121
0 537 908
0 881 310
0 27 165
0 706 621
1 903 761
0 622 458
0 100 122
0 893 65
0 441 829
0 466 623
0 210 50
0 530 105
0 631 708
0 465 222
0 902 798
0 809 297
0 392 871
0 665 515
0 636 174
0 410 831
0 340 883
0 293 747
0 435 151
0 476 8
0 744 10
0 670 368
0 672 162
0 253 689
0 775 779
0 765 490
0 84 689
0 361 184
1 275 704
0 42 520
0 85 888
0 687 637
0 344 784
0 904 454
0 842 688
1 95 319
0 701 823
0 378 613
0 826 84
0 444 37
0 252 763
0 142 792
0 689 718
0 592 725
0 708 36
0 668 225
0 245 454
0 604 308
0 52 309
0 386 169
0 423 266
0 395 27
0 849 305
0 258 718
0 862 558
0 721 658
0 452 149
0 731 752
0 454 402
0 43 645
0 790 273
0 196 41
0 903 169
0 759 257
0 791 895
0 793 428
0 705 450
0 182 173
0 741 317
1 838 794
0 258 113
0 21 763
1 98 865
0 710 503
0 783 77
0 618 512
0 526 767
0 548 571
0 336 794
0 333 60
0 367 323
0 400 508
0 324 608
0 233 615
0 605 162
0 838 225
0 841 230
0 785 852
0 583 135
0 496 718
0 697 268
0 569 63
1 282 789
0 678 328
0 47 462
0 731 825
0 700 875
0 822 352
0 847 724
0 567 513
0 666 399
0 661 326
0 393 466
1 112 255
0 75 286
0 30 36
0 278 297
0 862 713
0 765 286
1 816 698
0 620 412
0 276 409
0 816 334
1 741 300
1 768 159
0 556 297
0 391 676
1 276 266
0 116 713
0 838 859
0 239 768
0 598 403
0 338 55
0 901 693
0 461 825
0 466 262
0 650 354
0 837 408
0 621 286
1 281 542
1 11 297
1 904 739
0 145 766
0 606 175
0 106 722
0 379 382
0 657 50
0 423 19
0 838 101
0 691 294
0 457 171
1 137 549
0 588 544
0 15 283
0 679 724
0 555 884
0 270 411
1 219 274
0 64 121
0 897 871
0 848 91
0 258 247
0 175 875
0 476 668
0 843 345
0 608 168
0 268 402
0 893 865
0 836 587
0 673 454
0 61 865
0 47 545
0 457 611
0 720 37
0 829 448
0 173 724
0 659 568
0 136 157
0 605 206
0 573 718
1 266 688
0 680 225
0 558 73
0 730 205
1 587 159
0 325 63
0 501 136
1 114 599
0 756 181
1 56 113
0 847 643
0 877 830
1 587 268
1 729 739
0 328 338
0 707 155
1 420 507
0 399 387
0 884 881
0 642 657
0 310 322
0 437 820
0 505 322
0 892 297
0 402 247
0 283 437
0 496 162
1 404 678
0 778 794
0 743 328
0 821 739
0 34 712
0 84 755
0 152 833
0 515 315
0 360 405
0 278 87
0 250 558
0 627 326
0 781 50
1 176 83
0 847 718
0 147 721
0 711 643
0 458 534
0 865 349
0 629 839
1 834 479
0 500 623
0 264 839
0 847 573
0 417 278
0 166 56
0 769 564
0 855 38
0 560 863
0 649 746
1 745 191
0 656 182
1 441 535
0 304 718
0 62 860
0 321 872
0 278 883
0 607 573
1 430 25
0 572 839
0 211 405
0 145 616
0 497 759
0 423 716
0 384 675
0 403 770
1 464 412
0 897 454
0 94 289
0 560 371
1 300 309
1 350 632
0 29 312
0 856 448
0 237 531
0 347 343
1 426 571
1 46 645
0 93 369
0 680 704
1 179 20
0 321 57
0 464 459
0 754 355
0 20 896
0 232 595
0 425 122
0 332 441
0 785 767
0 175 200
0 353 157
0 244 297
0 854 883
0 592 871
0 244 900
0 270 797
0 660 191
0 427 664
0 659 871
0 267 573
0 791 211
0 136 739
0 701 890
0 687 710
0 33 584
0 356 274
0 325 258
0 538 505
1 38 81
0 469 46
0 748 97
0 38 660
0 752 50
0 235 620
0 902 705
0 587 847
0 486 105
0 151 402
0 171 623
0 506 5
1 834 531
0 690 248
0 724 402
1 224 582
0 827 27
0 721 176
0 876 52
0 305 466
0 812 339
0 745 805
1 559 103
0 62 690
0 845 164
0 876 301
0 232 492
0 298 904
0 56 454
0 409 829
0 788 113
1 355 281
0 710 261
0 598 159
1 299 383
0 665 887
0 309 165
0 688 385
0 604 398
1 322 11
0 794 454
1 328 247
0 602 13
0 223 441
0 324 490
1 811 624
1 277 539
0 776 399
0 779 805
0 555 651
0 0 709
0 70 609
1 307 372
0 761 222
0 691 159
0 185 619
0 626 17
0 531 908
0 461 166
0 3 798
0 682 595
0 375 464
0 161 315
0 71 498
0 259 371
0 222 454
0 77 763
0 493 76
1 849 689
0 225 56
0 353 158
0 617 643
0 673 608
1 567 85
1 305 277
0 732 490
0 388 191
0 901 345
0 192 904
0 377 238
0 324 365
0 33 44
0 183 100
0 745 390
1 402 247
0 748 838
0 712 308
0 715 402
0 746 614
0 893 294
0 756 158
0 530 450
0 439 868
0 845 224
0 703 669
0 699 376
0 899 228
0 225 206
0 191 512
0 170 267
0 818 15
0 10 412
0 693 454
0 397 445
0 902 825
0 615 72
0 201 181
0 613 883
0 137 350
0 342 284
0 476 651
0 889 731
0 402 247
0 622 763
0 357 283
0 287 355
0 143 642
0 309 528
0 180 301
0 93 843
0 401 569
0 37 454
0 640 353
0 525 130
0 150 875
1 523 162
0 7 51
0 302 50
0 631 178
1 146 157
0 820 353
0 374 711
0 148 338
0 330 419
0 893 464
0 225 643
0 417 528
0 199 844
0 416 377
0 392 812
0 261 113
0 92 724
0 84 125
0 886 55
0 692 518
0 653 883
0 873 170
0 768 582
0 389 268
0 565 75
0 331 54
0 370 187
0 264 486
0 257 353
0 719 452
0 837 421
0 763 353
0 42 458
1 223 559
0 770 90
0 708 404
0 133 400
0 699 11
0 185 434
0 744 867
0 107 732
0 839 341
0 690 431
0 292 773
0 693 55
0 236 221
1 335 599
0 291 289
0 496 812
0 495 228
0 405 65
0 714 78
0 69 558
0 267 847
0 823 773
0 413 228
0 314 689
0 670 450
0 711 664
0 555 403
0 194 608
0 531 281
0 235 237
0 567 894
0 764 458
0 155 353
0 834 719
0 389 365
0 21 664
0 584 720
0 95 829
0 597 865
0 835 5
0 548 511
1 24 549
0 702 868
0 839 512
0 568 403
0 575 278
1 236 409
0 602 504
0 774 289
0 5 786
0 837 301
1 689 402
0 13 896
1 832 117
0 369 417
1 850 125
0 340 595
1 49 517
0 43 448
1 834 103
1 894 512
0 551 268
0 780 336
0 478 409
0 573 718
0 722 322
0 416 883
1 480 455
0 83 56
0 812 204
0 894 407
0 173 617
0 140 706
0 438 607
0 468 678
0 658 466
0 672 77
0 592 390
0 606 331
0 792 261
1 376 459
0 656 158
0 889 776
1 516 896
1 364 463
0 655 56
1 184 286
0 155 258
0 99 168
1 199 865
0 852 98
0 494 464
0 35 599
0 677 761
0 5 616
0 53 729
0 389 830
0 138 724
1 192 555
0 792 318
0 617 387
0 719 599
0 809 882
0 811 587
0 174 159
0 883 162
0 609 466
0 704 770
0 353 365
0 440 203
0 153 461
0 212 222
0 564 339
0 860 628
1 157 268
1 408 372
1 425 454
0 660 150
0 737 318
0 278 103
0 269 385
0 186 325
0 870 227
1 168 55
0 429 459
1 515 261
0 614 763
1 837 531
0 607 454
0 190 144
0 650 878
0 669 191
0 495 767
0 196 886
0 269 899
0 511 262
0 516 181
0 19 136
0 484 452
0 628 830
0 767 148
0 63 338
0 809 672
0 806 902
0 718 402
0 170 863
0 355 48
0 821 190
0 483 162
0 186 136
0 58 784
0 603 333
0 286 595
0 399 904
0 895 899
0 817 230
0 304 417
0 66 720
0 30 836
0 95 399
0 547 166
1 187 228
0 603 828
0 213 718
1 192 647
0 295 493
0 24 152
0 651 149
0 279 360
0 772 116
1 535 883
0 218 543
0 544 372
0 626 744
0 158 454
1 297 402
0 283 681
0 824 171
1 250 448
0 160 605
0 869 745
0 808 190
0 14 878
0 186 599
0 687 572
0 810 77
0 71 697
0 424 779
0 831 624
0 120 187
0 538 497
1 585 109
0 774 261
0 287 668
1 15 435
0 764 187
0 59 444
0 379 141
1 291 630
0 220 580
0 816 323
1 206 318
0 577 372
0 250 693
1 565 715
0 127 871
0 34 640
1 29 353
0 352 604
0 280 205
0 346 364
0 275 611
0 706 424
0 498 65
0 398 481
0 388 332
0 749 408
0 793 664
0 822 575
0 810 205
0 319 308
0 426 62
0 698 739
0 294 19
0 862 438
0 745 100
0 542 56
0 271 252
0 160 305
0 454 715
0 125 671
0 833 236
0 231 237
0 502 437
0 165 48
0 113 387
0 704 162
0 387 247
0 308 793
0 558 53
0 246 412
0 291 790
1 29 424
0 262 600
0 777 744
0 719 161
0 234 722
0 128 91
0 736 417
0 490 105
0 213 715
0 712 407
0 650 474
1 904 882
0 28 339
0 378 370
0 257 904
0 498 460
1 793 56
0 863 349
0 88 861
1 742 187
1 807 462
0 457 890
0 372 162
0 130 448
0 56 715
0 122 113
0 788 289
0 410 717
0 349 715
0 611 671
0 337 253
0 767 643
0 78 166
0 875 739
0 493 218
0 124 628
0 303 519
1 375 534
0 20 482
0 318 481
0 293 468
0 545 87
1 542 146
0 682 318
0 627 535
0 406 159
1 228 545
0 23 542
0 373 77
0 75 587
0 211 348
0 609 27
0 847 724
0 628 19
0 856 518
0 508 372
0 162 448
0 177 610
0 593 470
0 666 339
0 307 595
0 635 771
0 44 188
1 893 739
0 609 611
0 471 308
0 765 588
1 399 353
0 817 435
0 452 588
1 671 786
0 431 595
0 362 76
0 765 213
0 784 643
1 849 645
0 40 393
0 17 385
0 545 459
0 552 84
1 529 873
0 246 699
0 525 83
1 730 452
0 838 191
0 815 754
0 351 696
0 531 559
0 539 149
0 665 227
0 204 90
0 97 511
0 521 781
0 685 150
1 15 337
0 415 905
0 716 811
0 894 387
0 335 819
1 70 548
0 345 624
0 133 370
0 757 201
0 516 75
0 759 385
0 402 247
0 619 847
1 832 141
0 242 10
0 344 332
1 656 94
0 325 743
0 149 37
1 389 535
1 547 717
0 334 600
0 565 616
0 121 252
0 33 22
0 441 715
0 113 643
0 373 623
0 775 381
0 793 729
0 492 247
0 117 498
0 773 834
0 712 672
0 461 642
0 788 657
0 258 875
1 481 2
0 305 830
0 881 857
0 13 535
1 462 136
0 498 408
0 824 565
0 718 715
0 97 87
0 324 208
0 189 264
0 390 786
0 39 11
0 762 213
0 415 619
0 387 739
0 822 199
0 75 590
0 255 303
0 204 903
0 590 159
1 405 376
0 849 385
8
0 8 19 20 31 69 85 90