341193
1797 1330 1959 350 1786
37
98
0 0
0 2
0 4
1 1
1 2
1 3
2 0
2 4
3 1
3 2
3 3
4 2
4 3
4 4
5 1
5 2
6 0
6 2
6 3
7 0
7 1
7 2
7 4
8 0
8 1
8 4
9 0
9 1
9 2
9 3
10 2
10 3
10 4
11 1
11 3
12 1
12 4
13 1
14 0
15 0
15 2
15 3
16 3
16 4
17 3
18 3
19 1
19 4
20 1
20 2
20 3
21 2
22 1
22 2
22 3
23 0
23 1
23 2
23 4
24 0
24 4
25 1
25 4
26 2
26 3
26 4
27 1
27 3
28 3
28 4
29 0
29 2
29 3
29 4
30 1
30 2
31 0
31 2
31 3
31 4
32 0
32 1
32 2
32 4
33 0
33 2
33 4
34 1
34 2
34 3
34 4
35 1
35 3
35 4
36 1
36 2
36 3
36 4
3
3
99
0 0 5946 1 0 0
0 1 9343 0 1 0
0 2 8836 1 0 1
0 3 5067 0 1 1
0 4 5876 0 1 1
0 5 9671 0 1 1
0 6 9080 1 1 0
0 7 2863 0 1 1
1 8 9965 0 0 1
0 9 8631 1 1 0
0 10 8868 0 1 0
0 22 6054 1 0 0
0 12 5148 0 1 0
1 13 9838 1 0 1
0 14 9846 1 0 0
0 15 8836 1 1 0
1 16 8785 1 0 1
1 17 9166 0 0 1
1 18 9203 0 1 0
0 19 7069 1 0 1
1 20 7961 0 0 1
0 24 9809 0 1 1
0 22 2750 1 1 0
0 23 8637 0 1 1
0 24 8670 0 0 1
0 25 9578 1 0 1
0 26 7095 0 0 1
0 27 9359 0 1 0
0 28 280 1 0 1
0 29 2251 0 1 0
0 30 7210 1 0 1
1 31 3735 0 1 1
0 11 1743 0 0 1
0 33 8638 1 0 0
0 34 6835 0 0 1
0 35 5367 0 0 1
0 36 5978 0 0 1
0 18 8230 1 0 0
0 26 7839 1 0 0
0 10 2055 0 1 0
0 25 9866 0 0 1
1 6 4262 0 1 1
1 25 9925 1 1 0
0 0 7338 0 1 1
0 4 5868 0 1 0
0 11 7396 1 1 0
0 29 9478 1 1 0
0 28 9115 1 0 0
0 11 9370 1 0 0
1 31 7484 1 1 0
0 17 9216 1 0 0
0 21 9825 0 0 1
0 18 7415 0 1 1
0 12 2925 0 1 1
0 4 5219 0 0 1
0 10 8655 1 1 0
0 7 3263 0 1 0
0 0 7291 0 1 0
0 28 3405 0 1 0
0 33 5355 0 1 1
0 22 4094 0 1 0
0 13 4874 1 0 1
0 30 9289 1 0 0
0 32 9156 1 1 0
0 26 6196 1 1 0
0 25 7636 1 0 0
0 28 7942 1 0 0
0 35 3408 1 0 1
0 15 2560 1 0 0
0 2 8152 0 1 1
0 25 9811 0 0 1
0 15 9511 0 1 1
0 27 8109 0 0 1
1 4 9981 1 0 1
0 19 5568 0 0 1
0 25 4811 0 1 1
1 20 9914 0 1 1
0 19 9691 1 0 0
0 25 8850 1 0 1
0 31 6253 1 0 0
0 15 8686 1 0 1
0 2 9693 1 1 0
0 30 9788 0 1 0
0 33 9959 0 0 1
1 27 8472 1 1 0
0 9 8778 1 1 0
0 32 9845 1 1 0
0 23 8863 1 1 0
0 35 8621 1 1 0
0 35 7621 0 1 1
0 27 10000 0 1 0
0 6 8421 0 0 1
0 29 8685 1 0 1
0 5 2595 0 1 1
0 3 9260 0 1 0
1 0 9252 1 1 0
0 10 7767 0 0 1
1 14 5391 0 1 1
1 7 9490 0 0 1
894
2 0 0 0 5250852 7881789
1 581233003 0 35080822 0 0
0 353288085 54408958 0 0 0
0 2720355 17760734 0 0 0
2 0 0 0 39312345 887921691
2 0 0 0 12810561 3839723
1 111517796 0 831089 0 0
2 0 0 0 90495264 222418442
0 111463025 17613369 0 0 0
1 11689922 0 183556 0 0
0 299803285 26336504 0 0 0
0 20093225 3220839 0 0 0
0 42573867 58783287 0 0 0
0 37797503 35371 0 0 0
2 0 0 0 163626175 20718298
0 13858433 109001942 0 0 0
1 8829849 0 5978404 0 0
2 0 0 0 108550940 2228074
1 4632019 0 5273680 0 0
0 35726068 50808339 0 0 0
1 835994 0 9573158 0 0
2 0 0 0 134924830 12793106
2 0 0 0 4838289 38246469
2 0 0 0 18554827 19481245
1 9384811 0 32534410 0 0
0 20275735 327103 0 0 0
0 308536420 76940809 0 0 0
2 0 0 0 46690610 33776440
1 329656137 0 38916869 0 0
1 136454750 0 1622923 0 0
0 1867644 96856717 0 0 0
1 23461397 0 2941791 0 0
0 111700956 46082885 0 0 0
0 4228953 18509893 0 0 0
2 0 0 0 54486620 18715883
2 0 0 0 64504688 174387992
0 178696587 223616129 0 0 0
1 34521309 0 10955553 0 0
1 36801204 0 374113282 0 0
1 20062253 0 276403 0 0
2 0 0 0 57999878 26231120
0 7350329 42337302 0 0 0
1 41261260 0 1528100 0 0
0 130542265 104597223 0 0 0
0 62807970 20240902 0 0 0
1 46932337 0 21690041 0 0
2 0 0 0 3976272 9220545
0 266303800 36234211 0 0 0
2 0 0 0 6496303 993223
2 0 0 0 20995929 112062935
2 0 0 0 7477308 46087942
2 0 0 0 1171891 58134
2 0 0 0 19886526 224304498
1 1406565 0 15670794 0 0
0 214281697 11398077 0 0 0
2 0 0 0 33045020 60392106
0 204681076 389806361 0 0 0
0 7499873 149394510 0 0 0
1 1280167 0 13386502 0 0
2 0 0 0 13044402 6842815
1 221586388 0 125960120 0 0
0 206588813 81012115 0 0 0
0 60736065 9165 0 0 0
0 50001302 12944719 0 0 0
0 17937569 9965193 0 0 0
2 0 0 0 589305 125660449
0 72541605 101168194 0 0 0
1 4171740 0 44222488 0 0
1 94004 0 12461084 0 0
2 0 0 0 108708076 8775596
2 0 0 0 30636402 247959860
2 0 0 0 739898 31561635
2 0 0 0 114757711 66403235
1 61466864 0 306411 0 0
1 2408024 0 1581400 0 0
0 13285068 111986226 0 0 0
2 0 0 0 38278453 4814123
1 194119824 0 4058706 0 0
0 92239985 37999873 0 0 0
1 55242340 0 388665 0 0
0 6994400 81429255 0 0 0
0 59377393 622733239 0 0 0
1 271489075 0 164870438 0 0
2 0 0 0 1106317 63821
0 1490470 255448 0 0 0
2 0 0 0 13497064 14540675
2 0 0 0 125504346 7354443
0 7985650 18581899 0 0 0
1 156621789 0 109333776 0 0
0 16388098 1015259 0 0 0
0 23352549 33661838 0 0 0
1 305175404 0 1372514 0 0
0 74775859 213276977 0 0 0
2 0 0 0 57953614 218529451
0 15926573 6182143 0 0 0
1 73651714 0 11629430 0 0
0 28381581 96136265 0 0 0
2 0 0 0 25688330 159384939
2 0 0 0 552507 20112872
0 2253947 88677156 0 0 0
2 0 0 0 12460691 3206337
0 866181 533069 0 0 0
2 0 0 0 4834671 198323568
1 11118315 0 1345673 0 0
1 5793584 0 83053499 0 0
1 1300276 0 40208128 0 0
1 560919 0 111165741 0 0
0 46520875 22257710 0 0 0
0 1172191 9989336 0 0 0
2 0 0 0 379068463 5000140
1 6200383 0 1598477 0 0
2 0 0 0 74689949 15909551
2 0 0 0 46097589 3166980
2 0 0 0 30137081 405515
2 0 0 0 163954154 3656999
1 25302906 0 1378933 0 0
2 0 0 0 71501950 9812362
2 0 0 0 5311987 115720022
2 0 0 0 269644089 27899173
2 0 0 0 13319470 145125361
2 0 0 0 14982822 55933139
2 0 0 0 173795608 18532869
1 41762392 0 311702225 0 0
1 59685326 0 172076263 0 0
2 0 0 0 14645467 19240365
1 8491348 0 243546259 0 0
0 58561056 3669583 0 0 0
0 12527384 123744949 0 0 0
2 0 0 0 6957908 69029319
1 60372317 0 355130195 0 0
0 154938 73258497 0 0 0
0 7308145 7896109 0 0 0
0 58853538 7539381 0 0 0
1 4024068 0 3175857 0 0
1 12469982 0 1609607 0 0
2 0 0 0 117015887 193760540
1 2732817 0 7578025 0 0
1 23096359 0 47888453 0 0
1 36837253 0 4249208 0 0
2 0 0 0 391942274 147919928
0 171214908 597480 0 0 0
2 0 0 0 26864577 2171253
0 175565737 9375455 0 0 0
0 89543441 13027149 0 0 0
0 2459065 48461959 0 0 0
2 0 0 0 5774015 12099313
1 27479590 0 9107327 0 0
1 109486114 0 6311996 0 0
2 0 0 0 2591597 723638
0 28139511 1666537 0 0 0
1 317637221 0 23677471 0 0
2 0 0 0 50022004 6234277
2 0 0 0 1786913 323044888
1 1964684 0 5498417 0 0
2 0 0 0 4166942 148958299
0 183528226 2951808 0 0 0
1 96545733 0 4335344 0 0
1 66976993 0 6134274 0 0
1 60238714 0 34727516 0 0
0 1205131 66052118 0 0 0
0 7491421 17459683 0 0 0
2 0 0 0 59859359 174451444
1 101365978 0 3990262 0 0
1 61999651 0 105767 0 0
1 6483910 0 19344173 0 0
0 143392910 270600274 0 0 0
1 3279780 0 83026240 0 0
1 312294 0 21181310 0 0
1 26687004 0 158838995 0 0
0 126124861 9262239 0 0 0
2 0 0 0 27216 87591801
0 14977309 32334 0 0 0
2 0 0 0 40694701 16443702
2 0 0 0 523722 457357
2 0 0 0 8019186 23346549
1 8216771 0 39537915 0 0
0 61602095 33794775 0 0 0
2 0 0 0 22550059 123483096
2 0 0 0 1675873 16855675
2 0 0 0 5884938 97191
2 0 0 0 308800545 29791260
0 258932453 125259535 0 0 0
0 204971 26559527 0 0 0
2 0 0 0 74778492 1312334
0 13521407 149666661 0 0 0
1 19257123 0 59427262 0 0
1 85377414 0 31339 0 0
2 0 0 0 2645648 319721038
1 12078232 0 1539324 0 0
0 44027875 19567666 0 0 0
1 71552947 0 81901190 0 0
1 42677663 0 9221197 0 0
1 8716290 0 14654359 0 0
0 198290993 5969330 0 0 0
2 0 0 0 18396612 18337160
2 0 0 0 22419616 5908752
2 0 0 0 7406618 152943819
0 3298328 22598204 0 0 0
1 292393619 0 4784560 0 0
2 0 0 0 82695288 16580190
1 74538126 0 52569966 0 0
0 5541252 51688 0 0 0
0 6142530 10634682 0 0 0
2 0 0 0 6616302 249018648
0 284017845 18158095 0 0 0
2 0 0 0 252121727 39729406
1 9648434 0 84713050 0 0
1 75218350 0 192590986 0 0
2 0 0 0 1459976 7114673
1 15900220 0 6297330 0 0
1 10967112 0 86913394 0 0
0 26371913 4732355 0 0 0
1 405821082 0 94585495 0 0
0 23266672 94590723 0 0 0
0 88225719 75895146 0 0 0
0 823088 30877663 0 0 0
0 8378441 60246082 0 0 0
1 434966282 0 37230282 0 0
2 0 0 0 979003 3459812
0 2181988 15836536 0 0 0
0 223814 7649140 0 0 0
2 0 0 0 44290622 104181086
2 0 0 0 17665584 340770111
1 4373789 0 15445664 0 0
2 0 0 0 50407125 13801080
2 0 0 0 1904944 37039696
1 138863539 0 14844845 0 0
1 3218960 0 182297871 0 0
1 5533418 0 11607310 0 0
2 0 0 0 146259318 5042848
0 16838571 12812970 0 0 0
0 2919771 3156269 0 0 0
0 12630764 6378633 0 0 0
0 40943838 72902539 0 0 0
1 94525240 0 3300707 0 0
1 12591381 0 15590896 0 0
1 27008440 0 464150130 0 0
1 170196189 0 2434905 0 0
1 9684838 0 5110526 0 0
0 969752 180917677 0 0 0
0 5522429 2592703 0 0 0
2 0 0 0 11164511 20041441
0 98388445 21962897 0 0 0
2 0 0 0 112718 42119965
1 16347273 0 2813749 0 0
0 48316496 5155656 0 0 0
1 3497792 0 266435881 0 0
0 193213178 29903048 0 0 0
0 24669931 5382035 0 0 0
2 0 0 0 9255557 47604007
1 172756 0 77383352 0 0
1 45465859 0 676257 0 0
1 163091879 0 50977505 0 0
2 0 0 0 40307924 96129195
0 3927937 465166 0 0 0
0 11167273 3650091 0 0 0
0 61850665 17113463 0 0 0
0 37505994 37952858 0 0 0
0 153867031 13964 0 0 0
2 0 0 0 116335398 33571
2 0 0 0 116604645 4215229
0 13996041 2641077 0 0 0
0 836272 1052181 0 0 0
1 6476410 0 25488515 0 0
2 0 0 0 893597 117252112
2 0 0 0 2561141 80437738
0 1369359 25398350 0 0 0
2 0 0 0 13493169 277873
1 57429528 0 103005577 0 0
2 0 0 0 62306087 12105158
0 252156 17567153 0 0 0
2 0 0 0 5742886 35064981
1 355676914 0 66827541 0 0
2 0 0 0 119147761 363474163
0 13289274 159817762 0 0 0
2 0 0 0 55422639 6316852
1 29818796 0 14219370 0 0
0 155793146 67087485 0 0 0
0 463559 13057991 0 0 0
0 2619854 197412506 0 0 0
0 28865965 2529142 0 0 0
0 15904249 29903364 0 0 0
0 232132893 11712081 0 0 0
0 297562641 201245 0 0 0
1 30660750 0 88659403 0 0
1 91758880 0 8779375 0 0
0 137765480 21112624 0 0 0
1 2714039 0 5380172 0 0
1 69027382 0 1288135 0 0
2 0 0 0 8901327 139702214
0 5643808 406455105 0 0 0
1 22848046 0 193366828 0 0
2 0 0 0 188878 28629724
0 6215920 5865345 0 0 0
0 305005013 15287645 0 0 0
1 48344605 0 14745540 0 0
2 0 0 0 3046655 20050722
1 22632644 0 78167529 0 0
1 3794359 0 157418 0 0
0 3104550 1363117 0 0 0
2 0 0 0 515514143 5758215
1 55833969 0 13221217 0 0
1 138867700 0 2927311 0 0
0 84016629 184705 0 0 0
2 0 0 0 74180116 14189994
2 0 0 0 35492610 291026986
0 455495 108487648 0 0 0
1 105584892 0 44636156 0 0
1 242128632 0 9501522 0 0
0 39471525 12725496 0 0 0
1 82394969 0 17833122 0 0
0 4755241 53858882 0 0 0
0 1583388 8601229 0 0 0
1 23904728 0 5432115 0 0
1 25800950 0 7616374 0 0
2 0 0 0 16099223 24205679
1 956992 0 3004114 0 0
2 0 0 0 59872592 566915295
2 0 0 0 198664357 98239475
0 2816280 3029017 0 0 0
2 0 0 0 9358500 58753118
2 0 0 0 7348397 29011263
2 0 0 0 387777182 41430852
2 0 0 0 15355823 52276926
2 0 0 0 39625407 12266280
1 17327502 0 54686152 0 0
0 43391 5137707 0 0 0
2 0 0 0 85544845 20412897
0 32327588 9161889 0 0 0
1 27747915 0 50752938 0 0
2 0 0 0 14640243 571900794
2 0 0 0 9681076 9602593
1 26304271 0 14483574 0 0
1 3430282 0 2641651 0 0
1 20615788 0 29097687 0 0
1 132212798 0 930034 0 0
2 0 0 0 20847411 21372645
0 1931992 24979660 0 0 0
0 570074190 108909877 0 0 0
2 0 0 0 8892374 21973052
2 0 0 0 31142665 1728906
0 19795403 62310340 0 0 0
0 237703303 5728406 0 0 0
1 13934863 0 423519 0 0
1 5090113 0 40830196 0 0
0 73802180 74828039 0 0 0
2 0 0 0 58075274 241532509
2 0 0 0 1934767 29336635
0 62794184 22618791 0 0 0
0 292432050 160011617 0 0 0
0 17583070 2785071 0 0 0
1 46673748 0 1778704 0 0
1 162717517 0 51123447 0 0
0 11149543 69317512 0 0 0
2 0 0 0 17281783 6931607
0 16316892 46486648 0 0 0
2 0 0 0 116584 3671510
1 32948728 0 1972235 0 0
2 0 0 0 2131546 4181695
2 0 0 0 23089132 66415083
2 0 0 0 4473267 33894524
2 0 0 0 916071 230394384
0 6977993 848885 0 0 0
0 60049258 288611990 0 0 0
1 411440084 0 3956074 0 0
0 671750352 6517 0 0 0
2 0 0 0 20777972 91445
0 45146824 236955037 0 0 0
2 0 0 0 327364 171418112
2 0 0 0 61343 30008980
1 21673509 0 9207806 0 0
2 0 0 0 24398691 62590
1 118544678 0 88984685 0 0
0 7882258 165288120 0 0 0
1 4939207 0 40888912 0 0
2 0 0 0 54890789 144980908
1 3767507 0 118905960 0 0
0 655329 51964573 0 0 0
0 7377882 97798423 0 0 0
1 134052788 0 15836814 0 0
1 686248 0 626371 0 0
2 0 0 0 22076121 714270
1 115496 0 70891890 0 0
1 5386432 0 1609184 0 0
1 89475714 0 409970 0 0
0 7773806 33581230 0 0 0
0 19636276 119699 0 0 0
1 7852168 0 7579412 0 0
1 42441114 0 43577492 0 0
1 64365425 0 125675380 0 0
2 0 0 0 19648953 204911095
2 0 0 0 27660352 20297127
1 3842872 0 9837024 0 0
1 7677421 0 21748199 0 0
0 4869592 10916216 0 0 0
0 383197171 3978978 0 0 0
1 7933018 0 387568875 0 0
2 0 0 0 35582020 65557721
2 0 0 0 199579328 5325645
2 0 0 0 10903157 15281031
1 2812729 0 106839193 0 0
2 0 0 0 59267868 92494108
1 2125408 0 375888 0 0
0 193597627 12761150 0 0 0
0 108549012 77823624 0 0 0
2 0 0 0 197299629 12645049
2 0 0 0 37508251 238565826
2 0 0 0 103656330 1646101
0 265084997 16351115 0 0 0
1 2151923 0 18826183 0 0
2 0 0 0 163544455 9614036
1 45798905 0 4513167 0 0
2 0 0 0 7154456 728968
0 581043 11145481 0 0 0
0 2115657 207660 0 0 0
1 208848885 0 2410881 0 0
2 0 0 0 29492822 7723481
0 32817345 1801394 0 0 0
0 12114587 1653700 0 0 0
0 70587711 31363518 0 0 0
2 0 0 0 133866508 5187463
0 126538537 83649300 0 0 0
0 125835569 101959315 0 0 0
0 61168380 5526820 0 0 0
1 41406069 0 43805072 0 0
1 69873822 0 123775892 0 0
2 0 0 0 67708174 218372569
2 0 0 0 78590063 130519795
2 0 0 0 16927134 19044638
2 0 0 0 11392715 132413795
1 14022150 0 1354854 0 0
1 19654056 0 3562619 0 0
0 399212 12679361 0 0 0
1 18283522 0 5306407 0 0
1 11975872 0 788708 0 0
1 35273742 0 1321869 0 0
1 945433 0 44370287 0 0
2 0 0 0 140230072 408661664
2 0 0 0 67071537 76254716
1 66256680 0 74283640 0 0
2 0 0 0 500000 147616332
2 0 0 0 29812270 160901853
0 40404348 2655733 0 0 0
0 76417943 2887107 0 0 0
1 8995440 0 12789524 0 0
2 0 0 0 23602525 233202973
1 1125193 0 14406768 0 0
0 207969290 216041648 0 0 0
0 23398525 90160934 0 0 0
1 30612215 0 53669108 0 0
2 0 0 0 2253532 690360
0 21404749 10553074 0 0 0
0 18177711 155649708 0 0 0
1 1843878 0 23036898 0 0
1 96141088 0 40422801 0 0
0 1378574 8384417 0 0 0
0 172463609 12746618 0 0 0
1 99923779 0 123703545 0 0
1 12461631 0 47742558 0 0
2 0 0 0 27011701 8376862
2 0 0 0 228201703 12773508
1 12465639 0 32578103 0 0
0 40737484 4381272 0 0 0
2 0 0 0 635189 158675913
1 2866289 0 80312765 0 0
2 0 0 0 41800335 41063759
1 21151457 0 24821362 0 0
2 0 0 0 2988015 19667890
1 2838697 0 64923434 0 0
0 114927748 161556590 0 0 0
2 0 0 0 287408565 3647269
1 4355870 0 7842659 0 0
2 0 0 0 375111216 11750965
0 84459005 2556714 0 0 0
0 2044180 239271900 0 0 0
1 18748789 0 8291156 0 0
2 0 0 0 1144580 33824
1 33205900 0 16015580 0 0
2 0 0 0 114380258 77164310
2 0 0 0 86579640 46786660
2 0 0 0 17429348 4981805
2 0 0 0 44126780 69780647
0 1302245 37238875 0 0 0
0 34837689 93260333 0 0 0
1 1932159 0 15000737 0 0
0 4444136 15550186 0 0 0
1 5406433 0 47573822 0 0
1 72950508 0 40333325 0 0
1 19112255 0 165494 0 0
0 16408183 460917360 0 0 0
2 0 0 0 4632428 438075249
0 267028916 134523358 0 0 0
0 9641957 34567209 0 0 0
2 0 0 0 4856309 99361524
1 183673631 0 47077922 0 0
2 0 0 0 25908672 3238919
2 0 0 0 13690356 35473604
0 33191311 51396495 0 0 0
0 46791933 22552008 0 0 0
1 144579322 0 156809900 0 0
0 7212233 157543634 0 0 0
2 0 0 0 20141949 64161070
2 0 0 0 287540689 783667
0 4608732 103527982 0 0 0
2 0 0 0 2567784 13680400
0 95841594 730451 0 0 0
1 10385172 0 42597149 0 0
2 0 0 0 8532089 139398480
2 0 0 0 136754086 2518778
0 2636190 26453206 0 0 0
2 0 0 0 254416804 39983066
2 0 0 0 65311794 15688945
1 3775899 0 18933770 0 0
2 0 0 0 45896029 23764052
0 61684419 38019778 0 0 0
0 56639 3966487 0 0 0
1 18361922 0 14048304 0 0
1 3551353 0 28642830 0 0
1 13689707 0 354244600 0 0
2 0 0 0 110249179 81400
1 857469 0 85376439 0 0
2 0 0 0 107506711 7271662
1 2936424 0 389498 0 0
1 18387386 0 53522709 0 0
2 0 0 0 1648993 69285198
0 12844012 310055 0 0 0
1 6814355 0 2583705 0 0
1 43717535 0 557833 0 0
0 154435880 955701 0 0 0
2 0 0 0 27595758 22520925
0 8859121 81097693 0 0 0
2 0 0 0 26913565 62809453
2 0 0 0 401283720 6788968
2 0 0 0 129292464 156078889
2 0 0 0 76434968 33555198
1 77473211 0 57993694 0 0
0 59303692 12795965 0 0 0
0 115631587 128202022 0 0 0
1 203246906 0 534485732 0 0
0 11536590 17945257 0 0 0
0 146854631 252269755 0 0 0
2 0 0 0 81271194 6408287
0 63848398 31468212 0 0 0
1 10789401 0 109749308 0 0
0 17656728 26052470 0 0 0
1 56835727 0 4548295 0 0
1 32778474 0 34520996 0 0
2 0 0 0 66508757 21194
0 16777628 10445405 0 0 0
0 96317985 70625512 0 0 0
2 0 0 0 99003543 60104994
1 115438522 0 24384842 0 0
0 115037328 18363808 0 0 0
2 0 0 0 67795209 867292
2 0 0 0 67244 416624
1 14711511 0 10074253 0 0
2 0 0 0 2939313 47873566
0 135894622 171462202 0 0 0
0 28615645 10286100 0 0 0
2 0 0 0 54321702 1950463
2 0 0 0 6367731 23317011
1 39952633 0 6448206 0 0
0 126084367 3265544 0 0 0
2 0 0 0 25844568 4934749
1 5541215 0 4211325 0 0
1 116956842 0 37105183 0 0
0 29024995 26740518 0 0 0
0 962148 241069731 0 0 0
0 8781922 2156630 0 0 0
0 25538666 1936729 0 0 0
0 35182748 48411530 0 0 0
2 0 0 0 112581010 59277005
1 58169346 0 3707728 0 0
0 25370209 56519002 0 0 0
2 0 0 0 36630080 330919
0 128372528 3549648 0 0 0
2 0 0 0 94285483 17570
0 1380601 115479954 0 0 0
1 1308896 0 64769502 0 0
1 47509735 0 154286849 0 0
1 88425903 0 134872319 0 0
1 22083234 0 170456873 0 0
1 93355106 0 56658417 0 0
1 335381573 0 43937241 0 0
1 60735402 0 8538900 0 0
0 163132512 30115662 0 0 0
0 69624020 10680089 0 0 0
2 0 0 0 28944225 37411829
0 20235936 70454254 0 0 0
1 48936436 0 1018886 0 0
0 86397941 288576641 0 0 0
2 0 0 0 55748241 39314731
2 0 0 0 5474693 13108527
0 11106300 6548747 0 0 0
1 286514 0 499963645 0 0
2 0 0 0 4184688 63780689
2 0 0 0 13580953 22992631
0 3891886 2974620 0 0 0
1 265426 0 51891467 0 0
1 73514381 0 58572745 0 0
0 38215212 128712574 0 0 0
2 0 0 0 341774312 6320755
0 39726751 21169550 0 0 0
1 23133430 0 234029964 0 0
0 5002701 62480775 0 0 0
2 0 0 0 200866613 4105433
1 2956218 0 1605715 0 0
0 86805522 185649 0 0 0
1 317851836 0 181972896 0 0
1 110241706 0 24100190 0 0
0 438508621 55718587 0 0 0
0 20664725 10125673 0 0 0
1 16489110 0 1884 0 0
2 0 0 0 98804007 15967073
1 580476 0 9218151 0 0
0 1962745 13894527 0 0 0
2 0 0 0 27222147 1702397
0 9763332 32175780 0 0 0
1 27723853 0 46788744 0 0
1 20427028 0 217442249 0 0
1 112656025 0 101046224 0 0
0 38352188 5896551 0 0 0
0 67113841 969068 0 0 0
0 308906108 50771255 0 0 0
0 9580749 68729801 0 0 0
0 663222343 43116149 0 0 0
1 3343181 0 37082538 0 0
0 277012156 4114397 0 0 0
2 0 0 0 6738868 28319599
0 23345893 33220387 0 0 0
1 164246560 0 50084114 0 0
2 0 0 0 170576341 196656968
2 0 0 0 8697215 17374276
2 0 0 0 45189795 43829284
2 0 0 0 81928547 50914828
2 0 0 0 167810383 20822089
1 37608684 0 88924065 0 0
0 183739586 413374 0 0 0
2 0 0 0 166668001 10944339
1 52287916 0 1148704 0 0
2 0 0 0 54872396 22848756
1 5776825 0 3371662 0 0
0 11749917 46984992 0 0 0
1 16225321 0 38691184 0 0
2 0 0 0 28981987 22584619
0 148998623 896388 0 0 0
0 49985334 38933994 0 0 0
1 197196492 0 9732856 0 0
1 7078418 0 102118193 0 0
1 8505578 0 18939637 0 0
2 0 0 0 3330325 39231478
0 2852654 123667099 0 0 0
1 49073592 0 117021767 0 0
0 548610 41662632 0 0 0
0 911129 209047348 0 0 0
2 0 0 0 51247921 36983000
2 0 0 0 61419353 2019544
1 1326787 0 167767827 0 0
1 226673 0 26070797 0 0
1 9902966 0 59394984 0 0
1 13794698 0 112727270 0 0
1 16523418 0 30839512 0 0
2 0 0 0 1850041 75425308
1 53773983 0 148769 0 0
2 0 0 0 25369024 61249074
1 2968560 0 401957 0 0
2 0 0 0 205332012 29800574
1 19312906 0 72709483 0 0
2 0 0 0 991303 30998690
2 0 0 0 60542535 201753094
1 215654465 0 3627854 0 0
0 26673763 1510504 0 0 0
1 420254 0 46277628 0 0
2 0 0 0 56907406 93766130
2 0 0 0 76449681 120892464
1 563447 0 5332480 0 0
1 24273042 0 591062938 0 0
2 0 0 0 2843357 12767511
1 683263 0 52086062 0 0
1 5871761 0 63003478 0 0
0 45100652 35426545 0 0 0
0 307775 18987808 0 0 0
0 87767368 71644425 0 0 0
0 45518972 3438863 0 0 0
2 0 0 0 761805 37735805
0 4417017 3123417 0 0 0
0 249524331 95477262 0 0 0
0 135027057 37682936 0 0 0
1 1955320 0 1143 0 0
2 0 0 0 31025 53839458
1 108688294 0 30996703 0 0
0 20130268 41865921 0 0 0
0 6715007 33002537 0 0 0
2 0 0 0 26392419 135837004
2 0 0 0 50575735 60824902
2 0 0 0 45274 147827017
2 0 0 0 47630837 26319492
1 38361022 0 1412174 0 0
0 4193351 140136141 0 0 0
1 35888879 0 222265226 0 0
2 0 0 0 55052 2872032
0 63748666 51241891 0 0 0
1 90553340 0 17551819 0 0
0 20581590 8900818 0 0 0
2 0 0 0 82961298 104501737
1 28653813 0 1512001 0 0
0 285145233 8601337 0 0 0
0 153343470 43924104 0 0 0
1 2394525 0 114187761 0 0
1 262596 0 23719951 0 0
2 0 0 0 1997831 19852091
1 22494102 0 2979400 0 0
2 0 0 0 22266678 192494262
0 124224908 27752644 0 0 0
1 178513135 0 153428850 0 0
0 7416916 98862718 0 0 0
1 9681410 0 99943830 0 0
2 0 0 0 37820936 69163413
0 89541487 1832492 0 0 0
0 106347261 2171653 0 0 0
2 0 0 0 60744089 108448383
1 1013659 0 26586839 0 0
1 77929235 0 92516771 0 0
1 38592796 0 124633859 0 0
2 0 0 0 133604 1392231
0 35375855 38026685 0 0 0
2 0 0 0 66039158 8180106
1 65862993 0 58390021 0 0
2 0 0 0 39770391 4768383
0 102285367 75279602 0 0 0
1 71903028 0 11887816 0 0
1 28783223 0 113378916 0 0
0 21460853 9528608 0 0 0
1 1227295 0 115065627 0 0
1 51083275 0 1030658 0 0
1 132372234 0 332997853 0 0
0 193855272 172260200 0 0 0
1 10260220 0 235242126 0 0
0 55637627 4075899 0 0 0
1 9771114 0 21600495 0 0
0 3940460 2866776 0 0 0
1 1957614 0 132321131 0 0
0 73062382 19330401 0 0 0
2 0 0 0 802907 26982588
2 0 0 0 287463713 52278542
2 0 0 0 159881 14031997
1 34106538 0 262523031 0 0
1 68596732 0 169569021 0 0
1 38900007 0 23498008 0 0
2 0 0 0 28354449 27410765
0 10473689 39679084 0 0 0
2 0 0 0 9337226 100368322
1 200865 0 300378 0 0
2 0 0 0 1288934 1703120
2 0 0 0 5014522 26556639
0 5311799 10419048 0 0 0
1 157500548 0 150335146 0 0
1 2291627 0 69183727 0 0
2 0 0 0 19507320 127690673
1 108488124 0 17418090 0 0
0 19545046 95489431 0 0 0
2 0 0 0 86908327 58488392
2 0 0 0 15761670 461195978
0 2058364 218699033 0 0 0
0 5885936 11345709 0 0 0
1 983925 0 13780394 0 0
0 94524615 89445 0 0 0
1 26654926 0 2234380 0 0
1 60302891 0 30682444 0 0
2 0 0 0 14533622 85163840
0 1890319 4313887 0 0 0
2 0 0 0 94558 4376193
1 102046813 0 309716974 0 0
0 4561673 26460572 0 0 0
0 42854070 844887 0 0 0
2 0 0 0 150705473 638265
1 181442248 0 41551608 0 0
0 10877320 358707968 0 0 0
2 0 0 0 175596148 57443043
1 20533738 0 1835749 0 0
0 16424129 2383445 0 0 0
1 126816 0 22531812 0 0
2 0 0 0 6316284 91497756
1 107867129 0 4222984 0 0
1 263777659 0 7444383 0 0
0 111 16723333 0 0 0
2 0 0 0 6283461 44704563
1 98765628 0 178465458 0 0
2 0 0 0 14824124 41203
1 293932 0 19277520 0 0
1 159574084 0 147113520 0 0
2 0 0 0 7573909 6543160
2 0 0 0 8749108 9727429
2 0 0 0 8495020 140020560
2 0 0 0 39320381 164660095
2 0 0 0 9454458 16694899
1 8189463 0 38175302 0 0
0 47385905 2551464 0 0 0
1 353288 0 495685 0 0
1 4694699 0 104687400 0 0
0 4422492 51229906 0 0 0
1 64053 0 14302431 0 0
2 0 0 0 11177702 45054458
2 0 0 0 34500098 23476372
0 14306878 11531376 0 0 0
0 430611 15179664 0 0 0
0 119037190 934944 0 0 0
0 258348297 11886234 0 0 0
2 0 0 0 64502018 45366916
2 0 0 0 131751174 262848069
1 26870539 0 13306927 0 0
1 506578 0 39591689 0 0
0 50374194 115751614 0 0 0
2 0 0 0 8752265 69592664
2 0 0 0 51399128 1758842
0 2664371 149256222 0 0 0
2 0 0 0 5012352 27595235
1 5105809 0 11761771 0 0
1 31972 0 132357058 0 0
2 0 0 0 169470317 3296010
1 91821009 0 36605488 0 0
1 81900002 0 33816808 0 0
1 29954728 0 9031101 0 0
0 53604855 47162576 0 0 0
1 22403618 0 13246462 0 0
2 0 0 0 86535267 243570
1 23820363 0 860799 0 0
2 0 0 0 53608898 850331
1 345738348 0 125673564 0 0
1 43197557 0 193777 0 0
1 63958028 0 52008912 0 0
1 110936205 0 98935 0 0
1 52840617 0 22795281 0 0
2 0 0 0 65831391 853601
0 128275 1813838 0 0 0
0 851226 267399 0 0 0
2 0 0 0 200707 274492605
2 0 0 0 46789144 17207328
1 96225 0 1474445 0 0
1 97349628 0 45300958 0 0
2 0 0 0 117376531 20792849
2 0 0 0 24575158 759439
2 0 0 0 4587890 72559796
2 0 0 0 24688618 50700157
2 0 0 0 1748196 9857668
1 30264814 0 24510655 0 0
2 0 0 0 103106560 404824330
0 36146267 31516148 0 0 0
2 0 0 0 92170372 3808541
0 89406525 236054000 0 0 0
0 4106198 55441992 0 0 0
0 95753 4854031 0 0 0
2 0 0 0 14182059 397292718
0 176374063 4898592 0 0 0
2 0 0 0 221767459 253497454
0 141477512 15218337 0 0 0
1 69460643 0 38890072 0 0
0 288443 4690515 0 0 0
0 1539820 3321690 0 0 0
1 76980536 0 48124009 0 0
0 56942354 105419666 0 0 0
0 4344088 254717283 0 0 0
2 0 0 0 15995894 23977580
1 120830604 0 8340333 0 0
1 103083526 0 15667346 0 0
0 26549984 120303662 0 0 0
2 0 0 0 138741944 34565631
1 10758263 0 78250516 0 0
0 15041500 66664483 0 0 0
2 0 0 0 291745712 123044029
2 0 0 0 4430128 6223212
1 5904706 0 8460020 0 0
1 17635989 0 8231032 0 0
0 8495010 21827466 0 0 0
1 87747404 0 50541 0 0
2 0 0 0 51882570 416797724
2 0 0 0 37950591 15041748
0 134723502 46930127 0 0 0
1 12337209 0 1740120 0 0
0 14254634 9996700 0 0 0
0 127442371 9187395 0 0 0
1 110715768 0 87836185 0 0
0 1172630 27506362 0 0 0
1 7491665 0 24515796 0 0
1 2426372 0 31804199 0 0
0 72103689 175852568 0 0 0
2 0 0 0 53099700 118700170
1 335801954 0 52268452 0 0
2 0 0 0 390440 79966479
2 0 0 0 15511067 4626362
1 7419678 0 60591941 0 0
1 245225284 0 2649200 0 0
0 37916178 187001057 0 0 0
2 0 0 0 15779152 3557020
949
0 525 319
0 319 881
1 319 242
0 525 555
0 555 721
0 555 827
0 525 177
0 555 454
0 827 817
0 319 139
0 721 439
0 525 864
0 319 300
0 439 374
0 555 804
0 555 620
0 242 708
0 300 514
0 555 759
0 620 188
0 881 122
1 454 487
0 300 743
0 827 453
0 374 363
0 122 520
0 555 729
1 139 8
0 759 76
0 122 492
0 620 290
0 827 170
1 454 195
0 721 117
0 520 558
0 139 386
1 453 169
0 804 793
0 454 619
0 827 286
1 177 517
0 177 554
0 195 93
0 620 820
0 300 66
0 169 470
0 470 333
0 492 419
0 93 151
0 8 202
1 290 206
0 286 733
0 202 234
0 743 61
0 363 325
0 290 317
0 620 807
0 139 747
0 202 728
0 139 278
0 317 867
0 170 392
1 619 368
0 290 751
0 520 429
0 206 843
0 864 585
0 827 478
1 751 320
1 827 602
0 820 666
0 66 455
1 585 442
0 122 322
0 170 510
0 286 778
0 843 144
0 429 597
0 793 588
0 139 226
0 492 270
0 151 9
0 602 732
0 733 108
0 525 745
0 270 225
0 278 395
0 743 505
0 319 129
0 843 874
0 439 556
1 374 366
0 619 797
0 9 466
0 864 307
0 429 55
1 93 707
0 874 754
0 732 662
0 638 769
0 677 126
0 556 269
0 197 799
1 147 345
1 875 398
0 782 57
1 352 99
0 870 658
0 185 343
0 351 810
0 675 99
0 69 135
0 652 266
1 274 224
0 857 460
0 721 517
0 48 632
0 26 265
0 462 873
0 816 123
0 788 819
0 281 248
0 674 695
0 100 630
0 436 354
0 807 302
0 250 755
0 173 232
0 466 522
0 26 29
1 48 639
0 384 485
0 738 295
0 91 235
0 198 474
0 3 315
0 434 406
0 559 583
0 515 679
0 715 244
0 540 408
0 412 263
0 49 775
0 584 387
0 106 11
0 600 240
1 789 118
0 812 127
0 822 548
0 134 538
0 153 241
0 143 849
1 528 372
0 567 124
0 585 610
0 801 829
0 608 159
0 691 774
1 844 304
1 85 475
0 435 399
0 264 801
1 644 241
0 505 544
0 837 210
0 867 587
0 885 704
0 52 719
1 383 716
1 102 164
0 555 206
1 146 456
0 61 579
0 402 269
1 292 79
0 561 130
0 680 859
0 507 705
0 271 623
0 488 670
0 723 124
0 430 548
1 389 11
0 180 282
0 259 690
0 794 452
0 609 679
0 641 506
1 384 837
0 819 616
1 696 513
0 221 15
0 661 397
0 819 738
0 721 198
0 463 87
0 213 825
0 260 201
0 772 580
1 269 513
0 444 770
1 842 348
0 413 818
0 241 456
0 433 694
0 132 646
0 424 612
0 285 130
0 87 869
0 273 498
0 12 398
1 658 828
0 635 254
0 228 560
0 330 351
0 782 370
0 724 87
0 213 891
0 366 565
1 597 786
0 667 563
0 221 724
0 206 782
0 132 308
0 650 523
0 673 428
0 271 417
1 772 420
0 709 109
1 785 62
1 478 774
1 866 420
0 121 235
0 221 753
0 870 398
0 545 613
0 23 279
0 350 859
0 824 318
0 241 351
1 646 64
1 200 595
1 113 513
0 819 38
0 784 50
0 385 142
0 404 340
0 690 436
0 163 500
0 437 749
0 101 497
0 38 378
0 540 842
0 59 337
0 622 709
0 402 545
0 251 63
0 558 497
0 40 749
0 517 772
0 384 49
1 8 240
0 516 835
0 514 329
1 645 416
0 515 196
0 832 430
0 111 411
0 702 562
0 323 551
1 119 220
0 393 67
0 537 103
0 769 749
1 613 846
0 495 74
1 37 253
1 728 741
0 511 113
0 810 633
0 239 218
0 511 546
1 182 131
0 774 193
0 339 589
0 48 64
0 638 124
1 394 293
0 294 726
0 73 89
0 73 833
0 302 576
0 412 805
0 324 664
0 21 665
0 51 783
0 49 38
0 648 105
0 337 500
1 560 811
0 630 227
1 167 384
1 755 808
0 157 287
0 440 785
0 459 344
0 820 764
0 513 810
0 312 428
0 118 760
0 468 316
0 3 432
0 860 385
0 366 126
1 863 16
0 543 295
0 50 430
0 801 775
0 664 608
0 653 784
1 1 871
0 703 405
0 581 273
0 384 432
0 435 380
0 252 762
0 259 449
0 871 136
0 805 694
0 757 261
1 252 373
0 413 247
0 889 469
1 800 589
0 472 11
0 49 196
0 725 716
0 502 835
0 682 503
0 164 52
1 106 535
0 31 621
0 591 236
0 602 357
0 101 737
0 460 815
1 259 758
0 601 112
1 812 451
0 199 663
0 87 508
0 322 781
0 68 209
0 2 719
0 372 526
0 551 121
1 870 710
0 415 543
0 429 591
0 861 503
0 388 811
0 305 515
0 839 39
0 8 189
0 893 523
0 654 367
0 387 680
0 328 712
0 118 621
0 615 818
0 38 869
0 691 340
0 580 829
1 589 132
0 2 15
0 30 731
1 387 526
0 762 334
0 532 261
0 811 823
0 67 508
0 491 649
0 103 808
0 437 800
1 248 404
0 567 507
0 876 199
0 346 35
0 207 95
0 497 819
0 769 712
1 60 331
0 370 724
0 460 780
0 390 564
0 803 621
0 381 737
0 656 95
0 862 818
0 572 757
0 579 502
0 271 858
0 556 469
0 190 452
0 203 856
0 389 459
0 840 143
0 67 95
0 173 639
1 773 411
0 516 35
0 645 674
0 85 398
1 555 294
0 472 627
1 767 509
0 510 676
0 503 513
0 76 255
0 527 557
0 126 614
0 477 145
1 780 116
0 184 365
0 531 833
0 497 805
0 508 38
0 649 95
0 277 826
0 274 523
1 787 133
0 168 538
0 535 164
0 355 12
1 17 340
0 887 382
1 30 373
0 257 575
0 736 59
0 306 485
0 498 859
0 856 360
0 889 323
0 559 428
0 337 678
0 684 500
1 470 395
0 718 557
0 401 113
0 452 390
0 167 52
0 300 694
0 293 35
0 694 890
0 230 18
0 337 420
0 224 678
0 610 85
0 725 448
0 795 663
0 294 711
0 355 614
0 217 13
0 228 81
0 358 24
0 153 53
0 51 652
0 608 837
0 487 540
0 414 269
0 89 469
0 701 506
0 449 522
0 887 712
0 680 760
0 872 591
0 74 186
0 136 38
0 311 515
0 501 84
0 488 381
1 220 316
0 641 60
0 548 241
0 722 869
0 459 401
0 448 373
0 349 480
0 314 504
1 123 4
0 855 725
1 717 457
0 767 694
1 737 168
0 725 436
0 428 241
0 255 295
0 104 890
0 563 512
1 127 479
0 119 823
0 268 832
0 754 557
0 731 663
0 755 37
0 309 805
0 838 816
1 595 760
0 380 451
0 597 183
0 658 253
0 447 89
0 357 697
0 625 503
0 847 210
0 463 441
0 270 485
0 53 813
0 663 235
0 225 836
0 490 404
0 539 309
0 551 445
0 768 481
0 245 445
0 82 38
0 604 241
0 329 163
0 730 848
0 332 587
0 188 611
0 542 633
0 612 744
0 893 608
0 458 84
0 547 452
0 719 564
0 426 594
0 872 78
0 871 645
0 684 163
0 864 586
0 813 564
0 255 387
0 118 480
0 154 228
0 110 773
0 36 876
0 278 798
0 586 124
0 833 737
0 181 445
0 116 364
0 378 235
0 119 109
0 683 148
0 499 529
0 81 842
0 796 336
0 490 168
0 220 253
0 511 580
0 343 744
0 184 592
0 311 663
0 71 23
0 225 22
0 818 819
0 371 391
0 707 613
1 778 441
0 875 191
1 504 90
0 218 91
0 6 448
0 603 506
0 125 361
0 763 626
0 33 766
1 493 490
0 544 692
0 109 869
0 538 353
0 385 527
0 815 398
0 548 456
0 711 121
0 197 49
0 330 491
0 472 159
0 744 38
0 641 152
0 421 247
0 324 482
0 515 221
1 851 582
1 616 378
0 69 11
0 530 67
0 673 612
0 508 663
1 880 107
1 522 474
1 213 190
0 490 44
0 50 522
0 28 271
0 112 430
0 301 767
0 369 103
0 651 241
0 175 152
0 75 390
0 280 119
0 485 354
0 753 474
0 47 372
1 817 482
0 406 131
0 891 311
0 458 164
1 525 194
0 399 191
0 497 481
0 204 760
0 356 335
0 253 731
1 749 445
0 435 396
1 588 850
0 836 656
0 419 140
1 16 548
0 788 519
0 25 446
0 433 749
0 535 696
0 601 833
0 778 209
0 446 136
0 329 310
0 84 295
1 739 94
0 244 304
0 149 79
0 88 236
0 629 575
0 220 141
1 706 484
0 697 846
0 132 146
0 212 369
0 360 811
0 338 815
0 807 306
0 255 70
0 608 541
0 756 632
1 228 587
0 163 709
0 718 794
0 165 557
1 786 819
0 513 616
0 507 828
0 488 389
0 328 803
1 61 232
0 509 679
0 20 710
0 877 82
0 164 11
0 427 393
0 717 120
0 489 430
0 794 295
0 685 663
0 690 39
0 21 589
1 650 416
0 672 10
0 278 230
0 182 509
0 449 305
0 430 121
0 121 398
0 161 428
0 433 725
0 708 460
1 314 831
0 141 239
0 595 377
0 18 459
0 864 879
1 515 284
0 822 127
1 384 134
0 295 633
1 439 704
0 298 156
1 650 823
0 58 446
0 795 282
0 604 404
0 249 162
0 365 489
0 168 712
0 608 562
0 240 541
0 544 561
0 752 185
0 429 270
0 406 48
0 537 477
0 219 761
0 164 430
0 318 113
0 256 79
0 392 233
0 279 580
0 155 816
0 763 828
1 577 36
1 789 607
0 706 800
0 445 810
0 778 110
0 706 659
0 750 669
0 760 663
0 789 605
0 365 695
0 667 213
0 368 720
0 264 595
0 267 123
0 674 53
1 866 109
0 780 719
0 134 633
0 183 796
0 759 830
0 615 223
1 216 767
0 415 452
0 342 678
1 7 408
0 636 744
1 794 583
0 733 110
0 583 810
0 444 229
0 277 809
0 181 106
0 231 633
0 439 828
0 628 441
0 227 679
0 206 106
1 351 775
1 291 224
0 349 272
0 559 819
0 785 680
1 800 105
0 791 332
0 150 632
0 641 236
0 682 343
1 583 548
0 64 241
1 344 475
0 149 420
0 288 547
0 697 390
0 779 69
1 504 876
0 473 665
1 295 351
0 382 527
0 238 140
0 571 51
0 414 622
0 295 869
0 631 79
0 245 516
0 248 351
0 306 417
0 643 199
0 414 835
1 613 753
0 445 810
0 776 564
0 339 145
0 163 839
1 673 738
0 221 12
0 627 677
0 822 337
0 294 479
1 56 818
0 188 588
0 862 7
0 179 647
0 65 31
0 174 373
0 628 786
1 636 548
0 586 218
0 406 47
0 741 586
0 195 766
1 737 336
0 538 890
0 285 336
0 525 687
1 274 849
0 840 205
1 334 134
0 775 378
0 491 124
0 597 116
0 168 842
0 395 876
0 346 521
0 780 116
0 615 702
0 648 299
0 23 388
0 848 473
0 128 176
0 596 274
0 264 579
0 107 248
0 59 606
0 646 416
0 419 296
0 312 205
0 14 848
0 210 445
0 7 780
1 498 551
0 451 168
0 6 790
0 58 201
0 847 636
0 392 128
0 440 543
0 879 805
0 579 463
0 452 835
0 776 337
0 793 594
0 361 452
0 504 52
0 453 119
0 550 890
0 40 263
0 617 493
0 854 2
0 582 519
0 328 451
1 426 218
1 104 416
1 81 127
1 764 814
0 27 445
0 208 689
0 310 404
0 561 828
1 725 786
0 419 293
0 154 672
0 29 669
0 530 196
0 375 500
0 493 120
0 254 710
0 254 330
0 812 163
0 22 562
0 871 238
1 11 4
0 741 120
1 410 247
0 240 165
0 257 880
0 243 315
0 100 247
0 435 157
1 446 223
0 27 859
0 670 373
0 52 456
0 661 262
0 319 875
0 581 25
0 13 679
0 412 275
0 270 633
0 199 87
1 524 553
0 494 548
0 463 557
0 184 446
0 525 861
0 360 482
0 452 508
0 880 412
0 882 289
1 15 282
0 127 22
0 752 401
0 563 72
0 266 241
0 805 842
0 413 527
0 818 445
0 884 769
0 520 582
0 761 858
0 89 210
0 302 469
0 770 735
0 793 722
0 404 612
1 332 637
0 687 43
0 338 279
0 837 460
0 11 373
0 716 805
0 83 411
0 688 398
0 385 805
0 684 404
0 188 595
0 698 859
0 197 794
1 820 879
0 276 515
0 159 612
0 165 679
0 809 716
0 619 333
0 379 704
0 277 744
0 516 351
0 438 753
7
3 7 32 42 48 81 93