855181
1980 1579 1868 1912 1982
64
160
0 0
0 1
1 2
1 3
1 4
2 3
2 4
3 0
3 1
3 2
3 4
4 0
4 2
4 3
5 3
5 4
6 3
6 4
7 0
7 3
7 4
8 0
8 3
9 2
9 3
9 4
10 0
10 1
10 4
11 3
11 4
12 0
13 0
13 1
14 0
14 1
14 4
15 1
16 0
16 1
16 2
16 3
17 1
17 2
17 4
18 2
18 3
18 4
19 4
20 0
21 0
21 2
21 4
22 0
22 1
22 3
22 4
23 0
23 1
23 2
23 3
24 0
24 3
24 4
25 0
25 2
25 3
25 4
26 2
26 3
26 4
27 0
27 3
28 0
28 1
28 3
28 4
29 0
29 4
30 1
30 2
30 3
31 2
31 4
32 2
33 2
33 3
34 0
34 1
34 3
34 4
35 0
35 1
35 4
36 2
36 3
36 4
37 0
37 1
37 4
38 4
39 3
40 0
40 1
40 3
41 0
41 2
42 0
43 2
43 3
43 4
44 3
45 1
45 3
46 3
46 4
47 1
47 2
48 2
48 3
48 4
49 1
49 3
50 0
50 4
51 0
52 2
52 4
53 0
53 1
53 2
53 3
53 4
54 0
54 4
55 0
55 3
56 4
57 0
57 2
57 3
57 4
58 3
58 4
59 1
59 2
60 0
60 1
60 2
61 0
61 4
62 0
62 1
62 2
62 3
62 4
63 0
63 2
63 3
63 4
1
58
85
0 0 8981 1 0 0
0 1 9871 1 0 0
0 2 8036 0 1 1
0 3 9871 1 1 0
0 4 9454 0 0 1
0 5 8784 0 1 1
0 6 7279 0 1 1
0 7 5741 0 0 1
0 8 9143 0 0 1
0 9 6167 0 1 1
0 10 9297 1 1 0
0 11 1778 1 0 1
0 12 7562 0 1 1
0 13 9171 1 1 0
0 14 7037 0 1 0
0 15 9710 1 0 0
0 16 9891 0 1 1
0 17 2221 1 0 0
0 18 7894 0 0 1
0 19 1033 0 1 1
0 20 4609 1 0 1
0 21 4946 0 0 1
0 22 9877 1 0 1
0 23 6493 1 0 0
0 24 8449 0 0 1
0 25 7779 1 1 0
0 26 3247 0 1 0
0 27 7309 1 1 0
0 28 9507 0 1 0
0 29 8441 1 0 0
0 30 5515 1 0 1
0 31 9058 1 0 1
0 32 3484 0 0 1
0 33 8014 0 0 1
0 34 4501 1 0 0
0 35 8594 1 0 0
0 36 9471 1 0 1
0 37 9396 0 0 1
0 38 7865 1 0 0
0 39 9866 0 0 1
0 40 4579 1 0 1
0 41 4578 0 0 1
0 42 3884 0 1 1
0 43 7810 1 0 1
0 44 9001 1 0 0
0 45 7962 1 0 1
0 46 1278 1 1 0
0 47 8470 0 1 1
0 48 9885 1 1 0
0 49 8330 0 0 1
0 50 7157 0 1 1
0 51 7389 0 1 0
0 52 9158 0 1 0
0 53 7974 1 0 1
0 54 9456 1 0 0
0 55 2026 0 1 1
0 56 7541 0 1 0
0 57 8274 1 0 1
0 58 6022 0 1 1
0 59 9788 1 1 0
0 60 4601 0 1 1
0 61 9018 0 1 1
1 62 6227 0 1 1
0 63 9291 1 1 0
1 49 6209 1 0 1
0 58 5424 0 1 1
1 46 8571 0 1 0
0 34 7391 1 0 1
0 16 5428 1 0 0
0 34 8449 1 0 0
0 35 9302 1 0 1
0 43 7853 0 0 1
1 6 8496 0 1 0
1 48 8244 1 0 0
0 17 9873 0 0 1
1 14 9674 0 0 1
0 48 8012 0 0 1
0 50 7439 0 1 0
0 21 8452 0 1 0
0 0 7857 1 0 0
1 54 5339 1 1 0
0 34 3536 1 0 0
1 51 8369 1 0 1
0 34 2459 1 0 1
0 19 6002 0 1 0
871
2 0 0 0 226479 99989318
2 0 0 0 29992851 27711604
1 3297026 0 71370415 0 0
0 37374694 77830851 0 0 0
0 2713137 8799992 0 0 0
1 1013335 0 20474110 0 0
0 149173663 5782827 0 0 0
0 17698947 11024697 0 0 0
1 11113554 0 162169 0 0
0 147307117 206277471 0 0 0
1 2986431 0 28670523 0 0
1 47446480 0 10327645 0 0
2 0 0 0 33823075 14076076
2 0 0 0 2386253 11552741
0 202126486 229848458 0 0 0
0 91017473 25999176 0 0 0
0 76019135 8164303 0 0 0
0 22108245 74326913 0 0 0
0 31125094 1175075 0 0 0
2 0 0 0 2466885 3867625
0 7413075 75292878 0 0 0
2 0 0 0 1368136 38413660
1 533527 0 41322042 0 0
1 12207461 0 107889516 0 0
2 0 0 0 141976441 3162099
2 0 0 0 125060293 2206002
0 62317353 2740952 0 0 0
0 33477236 85043032 0 0 0
1 10816391 0 218580369 0 0
2 0 0 0 1487373 12280660
1 44218528 0 4074822 0 0
2 0 0 0 49419774 67968999
0 137439165 24974528 0 0 0
2 0 0 0 32346075 119002616
2 0 0 0 36266464 12347507
2 0 0 0 89502698 31747260
1 59999752 0 85535458 0 0
1 65395327 0 47698541 0 0
1 45924457 0 13944785 0 0
1 7567478 0 11313555 0 0
2 0 0 0 1618524 1008003
2 0 0 0 23998261 5535801
0 390289946 41697603 0 0 0
2 0 0 0 30602371 87056801
1 40984783 0 158034 0 0
2 0 0 0 20971585 22038532
2 0 0 0 7851555 241450994
0 1544832 16214235 0 0 0
0 6999633 134456982 0 0 0
2 0 0 0 29137991 15915963
0 57804588 85228669 0 0 0
1 271729376 0 419052731 0 0
0 12131850 10592326 0 0 0
0 80147270 22741251 0 0 0
1 5513254 0 78385927 0 0
2 0 0 0 1227740 258146
0 26022113 165434017 0 0 0
1 6281076 0 10793 0 0
2 0 0 0 16909426 1502193
1 245489507 0 246201045 0 0
1 23777377 0 79094176 0 0
0 20808242 85301535 0 0 0
1 12357304 0 131823596 0 0
1 133251881 0 30850926 0 0
2 0 0 0 39717172 175869719
1 255953144 0 172794867 0 0
0 5242464 1302026 0 0 0
2 0 0 0 22084786 242480
0 109952872 14125635 0 0 0
1 191505558 0 231381652 0 0
0 3620847 960813 0 0 0
1 71614840 0 14118177 0 0
0 6640281 148006 0 0 0
1 7185759 0 363935 0 0
2 0 0 0 7890727 45669485
2 0 0 0 13853101 21070286
1 216292233 0 10393435 0 0
0 38100679 361747498 0 0 0
2 0 0 0 616220 1416052
2 0 0 0 3176962 100825118
1 33793535 0 7101489 0 0
1 25439061 0 64806278 0 0
0 485361 35270382 0 0 0
0 103525983 18246284 0 0 0
2 0 0 0 396515690 8255757
1 186973320 0 245094701 0 0
0 10320059 37340018 0 0 0
2 0 0 0 54383284 416523053
2 0 0 0 499416 86710140
2 0 0 0 28134941 21159254
0 1853596 12802665 0 0 0
1 2073521 0 2331635 0 0
2 0 0 0 53408340 248968402
1 1188637 0 150630205 0 0
1 921153 0 15056334 0 0
1 39845819 0 6700148 0 0
2 0 0 0 24248524 95225
1 43703948 0 136008302 0 0
1 75109344 0 19889508 0 0
2 0 0 0 47144413 89482042
2 0 0 0 40328000 16635586
1 12855196 0 5518300 0 0
1 629829 0 74420550 0 0
1 26852020 0 121737 0 0
0 382025540 12726558 0 0 0
2 0 0 0 351748780 5670272
2 0 0 0 64727778 5730641
1 51155388 0 199204394 0 0
0 3118027 137370973 0 0 0
2 0 0 0 30213035 30714852
2 0 0 0 27489171 196267055
0 12405766 6809770 0 0 0
0 85771686 6236232 0 0 0
2 0 0 0 140176393 12781343
1 24541347 0 96211075 0 0
0 953693 18503419 0 0 0
1 225673218 0 269340461 0 0
0 295758613 31984841 0 0 0
1 70711061 0 252533212 0 0
2 0 0 0 549734 3172578
0 532246979 64456233 0 0 0
2 0 0 0 71058490 3566759
0 4797183 15436023 0 0 0
0 694369 17605261 0 0 0
2 0 0 0 11510068 117993379
0 22291275 30155736 0 0 0
1 21811331 0 93985095 0 0
1 10682078 0 3367489 0 0
2 0 0 0 196818852 44731721
2 0 0 0 4874891 2814631
2 0 0 0 390961804 1514518
1 144255302 0 14876627 0 0
0 93537535 5633600 0 0 0
1 512512946 0 1022128 0 0
1 9785735 0 57279105 0 0
0 465862 32997636 0 0 0
1 101586128 0 78980581 0 0
0 57110578 23119061 0 0 0
0 181778670 185775330 0 0 0
1 18637431 0 2394422 0 0
1 65092656 0 111286585 0 0
1 41169376 0 32705854 0 0
1 2308726 0 24514281 0 0
0 3686725 87125332 0 0 0
2 0 0 0 19734360 3314293
1 13598822 0 151288695 0 0
1 2473027 0 62184627 0 0
1 21932849 0 11454609 0 0
2 0 0 0 85622586 37770888
0 28031048 8266614 0 0 0
2 0 0 0 124641483 72006176
1 3332518 0 46796270 0 0
0 66776161 21942496 0 0 0
0 3492683 51678458 0 0 0
0 206981326 30618102 0 0 0
1 58724296 0 149655016 0 0
2 0 0 0 83705623 330175393
1 17962697 0 3905091 0 0
0 2345414 153800586 0 0 0
0 1029349 5325391 0 0 0
0 31461268 23053208 0 0 0
1 132429638 0 10941622 0 0
0 114013694 9587865 0 0 0
0 109843211 23075762 0 0 0
2 0 0 0 244460 92269170
1 218127966 0 124726279 0 0
1 32613266 0 6334804 0 0
2 0 0 0 279568910 23157237
2 0 0 0 10480947 22360060
2 0 0 0 144726338 4936855
2 0 0 0 60768726 38586164
2 0 0 0 5398037 4315648
1 200579970 0 52963366 0 0
2 0 0 0 134820928 26079961
1 10537416 0 32008417 0 0
2 0 0 0 59522738 6601227
1 70383756 0 197053093 0 0
2 0 0 0 135174922 2652628
0 50206264 3304142 0 0 0
1 6941923 0 58878103 0 0
2 0 0 0 245700971 4944979
0 11734416 1089358 0 0 0
2 0 0 0 56864887 395500622
0 233331629 112831067 0 0 0
1 14909160 0 104066965 0 0
1 155083 0 39617509 0 0
1 25390464 0 54735094 0 0
0 78404152 257660779 0 0 0
0 2528291 11016157 0 0 0
1 66997688 0 221935482 0 0
2 0 0 0 8082745 8990282
2 0 0 0 210996143 54530544
1 548746624 0 311272658 0 0
1 27125641 0 6696572 0 0
1 3497826 0 4149309 0 0
2 0 0 0 28896737 150549600
0 13862457 1771608 0 0 0
1 214273234 0 43557341 0 0
1 195071389 0 2534326 0 0
0 35916282 57799856 0 0 0
2 0 0 0 108722669 110079
0 27533048 3100345 0 0 0
1 36270 0 157477985 0 0
2 0 0 0 35881193 2085535
1 213304285 0 98643077 0 0
0 18595021 239929860 0 0 0
1 397592 0 3275481 0 0
2 0 0 0 420758 3695863
0 25149157 80248002 0 0 0
1 37662719 0 7095407 0 0
2 0 0 0 264150450 139799149
2 0 0 0 67054695 13060466
0 22314103 3420958 0 0 0
0 79195807 10178327 0 0 0
1 6896778 0 1565843 0 0
1 34016312 0 5134035 0 0
0 320589143 562696880 0 0 0
2 0 0 0 72547100 36192922
1 7145468 0 19250971 0 0
2 0 0 0 2417506 37544666
2 0 0 0 34996151 45130254
2 0 0 0 76923 2069559
1 5942140 0 14319511 0 0
2 0 0 0 14814985 43796557
0 221720338 1121536 0 0 0
0 107388554 599699 0 0 0
2 0 0 0 37296544 115884700
1 831188 0 100502458 0 0
0 25108410 6584855 0 0 0
1 1167752 0 67214280 0 0
0 484241 7426004 0 0 0
2 0 0 0 126488086 11260319
2 0 0 0 1864796 4446148
1 8679886 0 18550686 0 0
0 4944492 181973 0 0 0
1 33098346 0 31811134 0 0
1 27431711 0 146854594 0 0
1 343821248 0 1267645 0 0
1 143001078 0 19260022 0 0
0 11101621 105267 0 0 0
0 151366339 12625687 0 0 0
0 330075577 1422398 0 0 0
1 42980751 0 114757 0 0
1 61771138 0 204898374 0 0
0 122619899 14825224 0 0 0
0 43466938 20067090 0 0 0
2 0 0 0 10324393 1946978
0 39184211 13728055 0 0 0
0 23731019 27634138 0 0 0
2 0 0 0 17046803 10427253
1 89710008 0 460270620 0 0
2 0 0 0 13111397 259581915
1 4343328 0 14249380 0 0
0 281172285 13518206 0 0 0
2 0 0 0 155069691 32482738
1 97870687 0 302918904 0 0
1 5290316 0 5223602 0 0
1 3286105 0 640083503 0 0
1 37030602 0 1270350 0 0
1 179080657 0 4651242 0 0
0 100387505 362596825 0 0 0
1 14463274 0 846565 0 0
1 4344895 0 233322903 0 0
0 465439795 1720156 0 0 0
2 0 0 0 35464596 43117307
0 2157837 33113409 0 0 0
1 3766734 0 55122078 0 0
2 0 0 0 328060272 2356508
2 0 0 0 14756624 257734291
1 33475823 0 12507409 0 0
1 10718752 0 95987853 0 0
1 5681675 0 48960 0 0
0 112854309 5391525 0 0 0
0 162994757 192903 0 0 0
0 489321248 475826532 0 0 0
0 1086819 3072755 0 0 0
0 30956162 2790506 0 0 0
1 256311625 0 30995538 0 0
0 171453 35842691 0 0 0
1 219780273 0 1038607 0 0
2 0 0 0 314515593 178859878
2 0 0 0 104032590 6527912
0 374380565 31589198 0 0 0
2 0 0 0 1742389 1291828
2 0 0 0 3804983 61396748
0 13402585 21696000 0 0 0
2 0 0 0 8875226 762807
0 364537442 82228053 0 0 0
0 27354103 1538477 0 0 0
0 2752360 17323447 0 0 0
2 0 0 0 66424621 9080783
1 1568166 0 2750368 0 0
0 6866725 30940153 0 0 0
1 16380326 0 18903985 0 0
2 0 0 0 24183029 14174037
0 57215046 19947386 0 0 0
1 106485716 0 22790396 0 0
1 5956390 0 29047990 0 0
0 42402689 37305937 0 0 0
2 0 0 0 7354718 292207361
0 50337676 10400838 0 0 0
0 128705882 111372784 0 0 0
0 13416798 60438363 0 0 0
0 17551549 114016497 0 0 0
0 107744330 39423942 0 0 0
1 18476 0 5001859 0 0
2 0 0 0 5516848 223739506
1 4051861 0 248603141 0 0
2 0 0 0 125769425 53098091
2 0 0 0 84898699 24883779
0 111042990 137760 0 0 0
1 9205749 0 696573 0 0
1 4869017 0 45739318 0 0
2 0 0 0 20916342 80318453
0 11590829 28367031 0 0 0
0 46800055 2681063 0 0 0
0 15904702 4995062 0 0 0
1 57264907 0 2003850 0 0
2 0 0 0 63912737 12485019
0 232722632 68880652 0 0 0
1 22644748 0 177537078 0 0
0 22975277 56237378 0 0 0
0 3497718 186223 0 0 0
0 44294 2257734 0 0 0
1 145310 0 24399043 0 0
0 12751406 6827223 0 0 0
1 3054453 0 334478 0 0
2 0 0 0 6015705 80232228
1 7077286 0 405221 0 0
0 69640944 42857574 0 0 0
0 12597976 28703796 0 0 0
1 180035860 0 92102029 0 0
1 204477287 0 424364 0 0
0 45130089 31520685 0 0 0
2 0 0 0 184122827 253637
2 0 0 0 19141034 7287773
0 181587805 501750 0 0 0
0 30430782 562732 0 0 0
0 7410712 23262555 0 0 0
1 8633879 0 20663864 0 0
2 0 0 0 524238 28063569
2 0 0 0 62305926 71025221
2 0 0 0 160173638 94674035
0 43932763 19304471 0 0 0
2 0 0 0 3376769 1477076
0 1520333 100118640 0 0 0
2 0 0 0 15601499 377568666
0 61255943 16281856 0 0 0
1 47265 0 67172967 0 0
2 0 0 0 2094175 15091208
0 24116237 182037711 0 0 0
0 69147964 21749224 0 0 0
1 44205397 0 6140438 0 0
2 0 0 0 355400545 3660530
2 0 0 0 115059981 4575448
0 5669630 12555181 0 0 0
2 0 0 0 65826194 103101715
1 138933340 0 121132 0 0
0 759608 306361120 0 0 0
2 0 0 0 5138431 53252467
2 0 0 0 179273940 2055334
2 0 0 0 29402422 57721665
2 0 0 0 1979339 61798274
1 185150428 0 52380103 0 0
1 113328580 0 78624171 0 0
0 28245852 125771123 0 0 0
1 6534810 0 2103125 0 0
1 113880850 0 2696399 0 0
0 100936084 364964452 0 0 0
1 28365297 0 198029596 0 0
0 81659629 145569362 0 0 0
2 0 0 0 261220735 8074217
0 22155421 15828006 0 0 0
2 0 0 0 48499283 220378824
0 3372742 2158683 0 0 0
1 142019403 0 176074 0 0
0 24969069 280063553 0 0 0
2 0 0 0 14861283 47132299
2 0 0 0 38614022 192286243
0 128621538 1037766 0 0 0
0 60771588 6208098 0 0 0
0 12010950 124679765 0 0 0
2 0 0 0 339233 65921208
1 28408747 0 4765600 0 0
2 0 0 0 70864676 89352530
1 129283635 0 10900510 0 0
2 0 0 0 29102220 428525371
1 187635 0 3242100 0 0
0 29730642 22262016 0 0 0
0 4368431 111215818 0 0 0
0 56294455 9829588 0 0 0
2 0 0 0 21479670 68145762
0 74956210 13090977 0 0 0
0 644598 230213481 0 0 0
2 0 0 0 45398127 131400061
2 0 0 0 27272658 12658183
0 46641332 88494893 0 0 0
2 0 0 0 45909764 293083249
2 0 0 0 127829419 647544
1 53025133 0 44552906 0 0
0 4261119 158652 0 0 0
2 0 0 0 6171758 602693475
1 71406 0 51244103 0 0
1 88060903 0 165085426 0 0
0 1065705 420350 0 0 0
1 1316569 0 153635470 0 0
2 0 0 0 4195008 5399701
0 1042251 2972460 0 0 0
0 3967496 245127222 0 0 0
0 23556857 20169558 0 0 0
2 0 0 0 277315785 984847
2 0 0 0 76680 2489802
1 29474045 0 79685843 0 0
1 35717442 0 72219876 0 0
1 310422369 0 34152554 0 0
2 0 0 0 244241161 24832928
1 162488599 0 7137300 0 0
0 108666891 5765615 0 0 0
1 36501090 0 56383698 0 0
0 74321729 333689702 0 0 0
1 12631696 0 161860 0 0
0 32540764 79973108 0 0 0
1 4059328 0 3057354 0 0
1 159201435 0 180323 0 0
1 184529648 0 387190023 0 0
2 0 0 0 32016622 5134881
2 0 0 0 100827016 121304078
0 6609274 51770710 0 0 0
0 349958835 42412521 0 0 0
1 6641555 0 14555883 0 0
1 207013277 0 326208995 0 0
0 14055195 215325 0 0 0
2 0 0 0 375801 159408120
1 25719704 0 173828350 0 0
0 32626025 716899 0 0 0
2 0 0 0 17223788 1689306
0 1880875 146231321 0 0 0
1 14869075 0 5238152 0 0
2 0 0 0 1984609 23275657
0 63859960 92606765 0 0 0
1 98329587 0 17233959 0 0
0 150216216 761743 0 0 0
2 0 0 0 183354410 885188
1 21362388 0 12940213 0 0
1 34511962 0 263704736 0 0
2 0 0 0 2018898 8950064
2 0 0 0 137767087 165761538
1 28603587 0 121716304 0 0
2 0 0 0 283549773 5402114
0 599273 7725957 0 0 0
0 11579033 84776721 0 0 0
2 0 0 0 46533278 17441560
1 252951 0 40615758 0 0
0 37657573 62743720 0 0 0
2 0 0 0 29233597 24184914
0 144292858 4926697 0 0 0
0 26793640 36675590 0 0 0
2 0 0 0 89293624 9591968
1 97132017 0 1536612 0 0
2 0 0 0 3180134 10481935
1 111291256 0 738650 0 0
2 0 0 0 97586877 11051928
2 0 0 0 17750468 95805524
1 19236206 0 120769506 0 0
1 9541298 0 5288622 0 0
2 0 0 0 44351842 1087289
2 0 0 0 9294018 18400134
2 0 0 0 371454378 88092019
1 56756721 0 161563 0 0
2 0 0 0 29040652 41332987
1 2506319 0 12193481 0 0
1 5620991 0 3128135 0 0
0 60873742 261975784 0 0 0
0 62558669 209393386 0 0 0
0 13533771 376191 0 0 0
2 0 0 0 9667244 10289517
0 16806282 4654095 0 0 0
1 38643080 0 35154688 0 0
0 52404528 31754878 0 0 0
2 0 0 0 103809849 81708447
1 19396274 0 2970786 0 0
0 136088114 28731338 0 0 0
0 66600045 11709270 0 0 0
0 91222063 17584606 0 0 0
1 17349624 0 397095609 0 0
2 0 0 0 7686972 8509352
1 7774866 0 4893183 0 0
2 0 0 0 23270230 1810190
2 0 0 0 130601468 12833205
0 26858 48689382 0 0 0
1 14976611 0 38218655 0 0
0 210704735 47307095 0 0 0
0 5826292 42066641 0 0 0
2 0 0 0 631397405 73186171
2 0 0 0 47808314 4938468
2 0 0 0 2115023 23382527
0 126711539 30753955 0 0 0
1 85559221 0 149526166 0 0
1 177811771 0 750614 0 0
1 155465885 0 261991 0 0
2 0 0 0 26122788 180504719
1 33599761 0 82910266 0 0
1 137027771 0 143875121 0 0
1 447932 0 30486643 0 0
2 0 0 0 98321603 123819168
1 19026471 0 6780034 0 0
0 2003211 53440358 0 0 0
1 15424340 0 15126777 0 0
0 111767464 19658870 0 0 0
2 0 0 0 1065100 105871527
1 38444452 0 78949 0 0
0 25185 3853699 0 0 0
0 243213109 1463074 0 0 0
0 72223392 3317530 0 0 0
0 43833008 2258840 0 0 0
2 0 0 0 10791636 181370330
0 12867110 243073 0 0 0
2 0 0 0 133564122 13711959
0 485050736 70616294 0 0 0
0 1046666 148027179 0 0 0
1 3939917 0 2576419 0 0
1 271777004 0 2154167 0 0
0 53043949 142543467 0 0 0
2 0 0 0 2616905 5823046
1 135133742 0 2992723 0 0
0 124342555 1815781 0 0 0
1 143273231 0 60790336 0 0
0 3017310 12117462 0 0 0
2 0 0 0 66478231 30712945
0 49184452 70504646 0 0 0
0 27443283 44219 0 0 0
1 3841901 0 18948734 0 0
1 1500783 0 56925837 0 0
2 0 0 0 189612815 79966564
1 19002749 0 4961143 0 0
0 47229655 9841413 0 0 0
1 4250438 0 61523747 0 0
2 0 0 0 2115914 17315428
1 12503353 0 3668312 0 0
1 217640765 0 680199 0 0
1 38754 0 6691389 0 0
0 59493074 20319919 0 0 0
1 164036516 0 63388737 0 0
2 0 0 0 20609 12312731
2 0 0 0 170769505 1368241
2 0 0 0 3631083 950415
2 0 0 0 84395860 176820853
2 0 0 0 26291899 6483034
0 8817 1427651 0 0 0
2 0 0 0 6177715 20517922
1 1405256 0 8054358 0 0
0 33039916 2297624 0 0 0
1 40321857 0 6685545 0 0
0 38516809 51076018 0 0 0
1 380866 0 42624515 0 0
1 2670866 0 55499088 0 0
0 9844691 2296229 0 0 0
1 41935366 0 20068574 0 0
0 233906102 73983 0 0 0
0 19037125 1614714 0 0 0
0 49498791 102475294 0 0 0
0 244551215 52066764 0 0 0
1 3155903 0 22583179 0 0
0 523503 5592433 0 0 0
1 191398143 0 10712300 0 0
1 85883062 0 25660721 0 0
1 2679509 0 95348555 0 0
2 0 0 0 222995628 440962891
2 0 0 0 119662120 104091772
0 21980564 65108280 0 0 0
1 2397744 0 332671 0 0
2 0 0 0 47587294 24318182
1 93462863 0 353968624 0 0
2 0 0 0 3570824 23725658
0 26864386 18457717 0 0 0
2 0 0 0 10515154 7093068
1 53799821 0 22881471 0 0
1 7593652 0 139281768 0 0
0 107799585 245125867 0 0 0
0 9350105 75425085 0 0 0
1 53555316 0 5648109 0 0
0 89823411 145113080 0 0 0
2 0 0 0 61724005 119759599
0 31374232 4091089 0 0 0
2 0 0 0 1237767 299069562
1 72464509 0 1327345 0 0
2 0 0 0 9707308 5448
1 213410602 0 3018106 0 0
1 1621444 0 43921427 0 0
2 0 0 0 564349059 29822382
0 73327698 6609325 0 0 0
0 90817196 99586887 0 0 0
0 40610983 15806405 0 0 0
2 0 0 0 36698857 4020297
1 79637992 0 1626140 0 0
2 0 0 0 174508019 320283071
0 1313163 13552937 0 0 0
0 54865004 2234993 0 0 0
1 5371881 0 6994866 0 0
2 0 0 0 49909801 1011304
2 0 0 0 14293026 22415226
0 30692930 28753 0 0 0
0 138839661 1109366 0 0 0
0 77523096 27969893 0 0 0
1 40016154 0 13271588 0 0
0 95554641 64606 0 0 0
1 4915906 0 13462194 0 0
2 0 0 0 4447102 119369515
1 1533354 0 43233462 0 0
1 1433921 0 13464478 0 0
2 0 0 0 443671 795027
0 85214440 143354527 0 0 0
1 17080269 0 8294537 0 0
0 213237147 35162173 0 0 0
1 44883747 0 35409850 0 0
2 0 0 0 88676336 20522302
0 5524404 641633812 0 0 0
0 144115280 753751 0 0 0
0 8986141 2331220 0 0 0
2 0 0 0 88527117 14088339
2 0 0 0 11113450 9566046
2 0 0 0 85675333 5541186
2 0 0 0 39094431 11976445
0 4625664 18672113 0 0 0
1 3834692 0 135295604 0 0
2 0 0 0 5827083 9535770
0 50271823 209362396 0 0 0
2 0 0 0 46246944 7857882
2 0 0 0 15543115 30395253
1 15238989 0 12209915 0 0
0 32563079 68204762 0 0 0
2 0 0 0 129464 80764497
1 239680901 0 26359206 0 0
0 7357788 282222885 0 0 0
2 0 0 0 17865563 27300239
1 235110809 0 538737984 0 0
1 4528729 0 121783606 0 0
1 81058676 0 8900933 0 0
0 1154166 1133348 0 0 0
1 431965 0 87389928 0 0
0 33858821 46815779 0 0 0
2 0 0 0 42117359 134453103
0 67063851 4193358 0 0 0
2 0 0 0 12729028 16540150
1 784850 0 2970634 0 0
1 384291453 0 30565194 0 0
2 0 0 0 34126179 14539437
0 1382311 14635686 0 0 0
1 303106 0 25123 0 0
0 96145510 162061245 0 0 0
1 13997073 0 59575698 0 0
2 0 0 0 96306630 40149764
2 0 0 0 67181340 62467834
2 0 0 0 35459082 162329932
2 0 0 0 92145025 2042439
1 208229166 0 105218567 0 0
0 2638344 123797705 0 0 0
1 7997287 0 263714 0 0
1 1321617 0 23352470 0 0
1 2000420 0 29729361 0 0
2 0 0 0 3072118 30482568
2 0 0 0 543674 17902480
1 202752464 0 3566402 0 0
2 0 0 0 56654047 4608120
2 0 0 0 1541699 5389121
2 0 0 0 54764831 8148884
0 12960412 111450147 0 0 0
0 6459203 72482113 0 0 0
1 12516165 0 22310298 0 0
2 0 0 0 1201382 32334840
1 11772286 0 2758002 0 0
2 0 0 0 2363938 146801346
0 16520128 89806924 0 0 0
1 19764863 0 4661468 0 0
2 0 0 0 13390187 28267474
0 783072 501040 0 0 0
0 110532451 9306037 0 0 0
1 1332782 0 38511484 0 0
1 184320944 0 25147039 0 0
0 23514242 6120 0 0 0
0 9158442 14337715 0 0 0
2 0 0 0 16287295 3240989
0 1250948 48379034 0 0 0
1 125329237 0 36410547 0 0
1 16277625 0 136105545 0 0
2 0 0 0 11162779 305002628
0 10515660 90498470 0 0 0
1 82781549 0 144255916 0 0
2 0 0 0 5988359 2999791
2 0 0 0 516779 39935740
1 3232801 0 8706556 0 0
1 75337109 0 8401490 0 0
2 0 0 0 104268020 269
2 0 0 0 163429957 29447407
1 3553794 0 24106558 0 0
2 0 0 0 24386944 14045180
2 0 0 0 94544681 4002521
1 37649198 0 773324 0 0
2 0 0 0 206990625 42215595
1 817121 0 4238266 0 0
1 213615031 0 745677 0 0
0 61893081 193886612 0 0 0
0 218791521 23977798 0 0 0
2 0 0 0 588760027 5223107
2 0 0 0 2445314 1927185
2 0 0 0 40191728 14900587
0 1272519 20770094 0 0 0
0 32973615 1434271 0 0 0
1 87519608 0 38607095 0 0
0 63932536 113294846 0 0 0
0 43399905 19516686 0 0 0
2 0 0 0 5748296 16027587
1 13340956 0 1169427 0 0
0 15405119 3959744 0 0 0
1 8886218 0 127450290 0 0
0 11685609 8309426 0 0 0
2 0 0 0 177908593 31361366
1 94746813 0 217013919 0 0
1 3570723 0 89902004 0 0
2 0 0 0 3492942 5148135
2 0 0 0 59368802 3432063
1 132101591 0 222836 0 0
0 24642859 20961045 0 0 0
2 0 0 0 44355371 19329166
0 111606808 201296427 0 0 0
0 177813784 5975576 0 0 0
1 38572744 0 6245119 0 0
1 3999242 0 63980749 0 0
0 14054557 24489644 0 0 0
0 17967602 35013735 0 0 0
0 48987268 436447858 0 0 0
0 46030117 1725600 0 0 0
1 29837099 0 41246482 0 0
2 0 0 0 19427162 16328236
2 0 0 0 101390883 1681418
1 22552152 0 27423604 0 0
2 0 0 0 2997802 404085645
1 20594666 0 698153 0 0
2 0 0 0 16325282 5945233
2 0 0 0 121679958 15147142
1 41292142 0 157276901 0 0
0 3727565 58953725 0 0 0
2 0 0 0 130809228 94189
1 127479104 0 19829222 0 0
0 12490074 31352289 0 0 0
0 46149601 19002427 0 0 0
0 36428160 2924661 0 0 0
2 0 0 0 17558085 1389566
2 0 0 0 16511422 60260878
0 40130464 239891443 0 0 0
0 32509712 3605294 0 0 0
1 41103404 0 5052222 0 0
2 0 0 0 34348266 832275
0 135490831 188207329 0 0 0
2 0 0 0 129038314 83510702
0 47943328 4896358 0 0 0
0 67680907 95222776 0 0 0
2 0 0 0 32181108 22439276
0 81383268 186306493 0 0 0
1 35894108 0 18502039 0 0
1 438861365 0 32390187 0 0
0 42016878 18736212 0 0 0
2 0 0 0 100890290 55180111
2 0 0 0 1344119 50732478
2 0 0 0 13043725 15904471
0 118618826 16473708 0 0 0
1 84463897 0 3191165 0 0
2 0 0 0 75748995 11548079
0 12835044 5643437 0 0 0
0 2871597 159087376 0 0 0
1 190519724 0 34930977 0 0
2 0 0 0 216739405 11450337
2 0 0 0 40821700 4735886
1 24376778 0 51544793 0 0
2 0 0 0 196793055 68105375
1 262867 0 126204609 0 0
2 0 0 0 28963663 125035750
1 138728876 0 191358671 0 0
2 0 0 0 138340 452763935
2 0 0 0 21315472 2576596
1 40779936 0 105429397 0 0
2 0 0 0 68995953 50291925
0 52869422 29102809 0 0 0
1 151239738 0 1356368 0 0
0 1380458 16731266 0 0 0
0 20011183 33830244 0 0 0
0 61458311 22196876 0 0 0
1 22264587 0 22345705 0 0
1 214192323 0 1739493 0 0
0 10515855 5960459 0 0 0
1 62673413 0 55765223 0 0
0 365459138 21366714 0 0 0
2 0 0 0 11516170 82196740
1 653533 0 693 0 0
1 107801404 0 8952545 0 0
0 55226927 344172 0 0 0
2 0 0 0 11277536 91841256
1 214539439 0 130640288 0 0
0 19514034 338774 0 0 0
0 22841383 6476770 0 0 0
0 62852227 36238601 0 0 0
2 0 0 0 40492313 10433287
0 4205234 93386431 0 0 0
0 14597808 7471910 0 0 0
2 0 0 0 937242 9858136
0 314160865 7581760 0 0 0
0 22937429 263212786 0 0 0
0 9997700 33440091 0 0 0
1 56477386 0 42741654 0 0
1 65385886 0 1567567 0 0
1 90819197 0 4907546 0 0
2 0 0 0 186637533 60765458
1 99504395 0 39133867 0 0
2 0 0 0 11838476 34590514
0 4411425 4185696 0 0 0
0 9247949 248943306 0 0 0
2 0 0 0 1360102 21542184
1 198595647 0 40962796 0 0
0 530085 8059612 0 0 0
2 0 0 0 40831974 22965533
2 0 0 0 352770619 8415332
0 95475623 102100738 0 0 0
0 61706272 3325229 0 0 0
1 266006525 0 45640382 0 0
2 0 0 0 334209855 3580836
1 1016874 0 4655700 0 0
1 2706625 0 10895135 0 0
1 43401 0 23042258 0 0
0 34357274 2580733 0 0 0
1 90055528 0 185527892 0 0
0 4142395 247976302 0 0 0
0 16242566 926302 0 0 0
1 2677855 0 19575283 0 0
1 56961591 0 1928844 0 0
2 0 0 0 22153488 153425939
1 2159129 0 166560929 0 0
1 53814010 0 2560887 0 0
2 0 0 0 5026470 25761882
0 36632352 4290635 0 0 0
1 1977087 0 91887270 0 0
1 554177 0 59155780 0 0
1 5330237 0 19972694 0 0
2 0 0 0 23727954 12516384
0 1593460 169885 0 0 0
0 70961022 12676492 0 0 0
2 0 0 0 23075315 15748106
2 0 0 0 204214725 17127824
2 0 0 0 73900997 10277081
2 0 0 0 7415943 1366584
1 456482 0 26739654 0 0
2 0 0 0 17046500 9469552
2 0 0 0 11162864 6032499
1 91965838 0 2867031 0 0
2 0 0 0 6779577 58782711
0 341765926 1106416 0 0 0
0 7556698 32459903 0 0 0
0 4237449 30878340 0 0 0
0 26434980 96274904 0 0 0
0 34404288 455921 0 0 0
2 0 0 0 15632807 20481704
2 0 0 0 28072959 11358
2 0 0 0 58382208 18465944
1 8247203 0 19875249 0 0
0 116787122 64387849 0 0 0
1 23807890 0 78871269 0 0
0 103260143 1009859 0 0 0
1 269223975 0 5327219 0 0
2 0 0 0 13134879 8104836
0 33674930 23697680 0 0 0
2 0 0 0 1294676 1676666
0 36018136 49862960 0 0 0
893
0 573 429
0 429 604
1 573 26
0 573 330
1 330 688
0 573 407
0 429 214
1 407 588
1 26 133
1 604 746
1 588 655
0 688 786
0 655 666
1 746 716
1 429 219
0 214 788
0 330 198
0 198 392
0 26 298
0 716 496
0 786 0
0 666 76
1 330 730
0 666 679
0 604 439
0 198 675
0 496 576
0 133 839
0 730 741
0 730 323
0 839 447
0 588 597
1 788 501
0 501 630
1 730 112
0 501 645
0 496 748
0 675 398
0 439 211
0 133 711
0 323 382
0 786 806
0 496 329
0 666 16
1 645 436
1 76 194
0 741 7
1 597 465
0 645 31
0 576 527
0 527 698
0 439 314
0 7 607
0 429 617
1 607 621
0 16 132
0 688 728
0 716 301
1 655 223
0 447 259
0 214 726
0 806 274
0 223 245
0 496 681
1 496 451
0 806 401
1 711 243
0 675 283
0 741 541
0 274 291
1 7 229
1 259 566
0 223 524
0 439 453
0 621 705
0 330 33
0 679 473
1 496 92
1 688 204
0 0 704
0 573 550
0 617 555
0 401 759
0 283 507
0 229 511
0 748 305
0 681 344
0 839 605
0 786 175
0 439 608
0 465 459
0 243 138
0 407 275
0 597 79
1 698 2
0 679 421
0 229 558
1 704 536
0 608 690
0 771 293
0 142 667
0 198 206
0 59 367
0 428 658
0 562 68
0 704 142
0 432 276
0 290 58
0 281 12
0 777 111
0 350 367
1 11 310
0 785 534
0 530 169
0 560 54
0 178 252
1 245 502
0 652 506
1 718 375
0 48 827
1 309 294
0 598 270
0 128 599
0 443 406
0 744 18
0 433 378
0 311 488
0 663 544
0 657 105
0 730 301
0 791 462
0 238 543
0 553 53
0 631 534
0 15 377
0 166 782
0 813 663
0 817 849
0 253 742
0 597 499
0 209 776
0 808 592
0 777 68
0 317 811
0 24 256
0 540 256
0 404 360
0 79 405
0 94 793
0 456 139
1 863 316
1 74 835
0 119 807
0 423 98
1 651 609
0 700 760
1 17 336
0 234 54
0 264 151
0 841 256
0 355 269
0 513 183
0 409 336
0 700 828
0 169 377
0 602 348
0 479 183
0 195 152
1 30 611
0 445 157
1 613 458
0 424 45
0 36 592
0 78 616
1 657 833
0 350 492
1 0 750
1 333 108
0 240 665
0 767 54
0 722 768
1 810 325
0 275 548
0 103 169
0 16 406
0 138 514
0 721 43
0 54 325
0 342 53
0 46 144
0 640 602
1 673 336
0 662 339
0 323 710
0 756 723
1 14 779
0 494 375
0 113 111
0 533 98
0 410 440
0 88 116
0 297 640
0 478 592
0 780 794
1 715 408
0 665 252
0 351 598
0 540 474
0 646 841
0 353 249
0 681 246
0 756 697
0 733 783
0 134 709
1 397 224
0 109 181
0 96 114
0 626 745
0 523 673
0 835 264
0 224 376
0 354 796
0 277 494
0 663 490
0 354 103
0 567 521
0 188 157
0 102 592
0 851 595
0 331 6
0 779 534
0 680 477
1 794 17
0 836 150
1 861 560
1 477 146
0 313 30
0 37 723
0 344 353
0 576 363
0 310 709
0 246 618
0 675 530
0 867 183
0 262 279
0 268 466
0 265 264
0 158 845
1 399 488
0 451 77
0 261 626
0 482 169
0 450 481
0 196 822
0 326 552
0 535 783
0 328 461
0 18 288
0 635 192
0 425 802
0 798 808
0 794 117
0 489 510
0 817 255
0 381 522
0 432 592
0 202 587
0 430 619
0 65 775
1 619 709
0 589 456
0 122 169
0 765 39
0 380 336
0 601 847
1 211 190
0 14 659
1 105 108
0 443 590
0 53 360
1 299 469
0 673 766
0 108 699
0 139 802
0 417 122
1 673 87
0 26 625
0 584 285
0 34 217
1 518 116
0 820 498
0 744 201
1 163 292
0 330 493
0 247 54
1 777 791
0 734 543
0 824 360
0 109 855
0 174 384
0 639 400
1 693 394
0 487 54
0 334 539
0 838 236
0 289 802
1 203 701
0 679 710
0 397 152
0 603 522
0 211 140
0 324 662
0 518 773
0 145 709
0 482 336
1 564 288
0 676 238
1 732 53
0 822 39
0 748 220
0 32 624
0 578 539
0 580 504
0 601 770
0 701 44
0 106 235
0 865 6
0 174 870
0 561 224
0 266 110
0 509 709
0 53 548
0 209 15
1 109 708
0 510 57
0 575 824
0 792 753
0 694 797
0 715 847
0 267 44
0 627 699
0 91 548
0 167 36
1 59 456
0 197 606
1 616 779
0 522 151
0 628 500
0 770 468
0 467 867
0 471 257
0 396 669
1 723 641
0 777 409
1 761 116
0 437 363
0 579 479
0 449 371
0 445 68
0 472 647
0 524 815
1 148 549
1 866 169
0 609 107
0 462 165
1 391 757
1 241 551
1 679 483
0 232 269
1 346 796
0 86 490
0 680 653
0 77 293
0 719 646
0 706 164
0 494 548
0 438 817
1 432 404
0 152 849
0 772 510
0 228 384
0 15 637
0 830 58
1 185 360
0 788 227
0 427 678
0 691 765
1 271 95
0 547 117
0 578 766
0 87 377
1 845 15
0 573 577
0 54 766
0 606 637
0 785 491
0 231 23
0 480 319
0 257 367
0 790 122
0 497 35
0 565 104
0 380 648
0 645 27
0 666 609
0 654 758
0 135 495
0 329 254
0 525 360
0 779 618
0 518 178
1 249 829
0 304 531
0 498 442
1 526 552
0 480 569
1 75 215
0 220 556
0 167 475
0 444 443
0 738 282
1 220 461
0 495 43
0 264 139
0 588 439
0 464 115
0 567 533
0 772 260
0 601 404
0 693 611
0 531 790
0 18 691
0 532 461
0 796 21
0 543 12
1 64 802
0 648 293
0 670 691
0 393 837
0 43 375
0 761 532
0 784 611
0 786 209
0 832 21
0 297 250
0 573 386
0 285 52
1 385 534
1 395 825
0 746 127
0 836 581
1 842 717
0 115 502
1 454 723
0 794 790
0 217 794
0 3 110
0 429 497
0 245 808
0 136 381
0 780 325
0 530 260
0 725 224
0 693 325
0 414 776
1 305 403
1 19 28
0 750 592
0 370 829
0 242 867
0 570 735
0 162 359
1 339 637
0 68 105
0 766 530
0 785 755
0 355 776
0 638 457
0 12 260
0 349 321
0 812 40
0 685 55
0 305 144
0 70 556
0 644 44
1 183 336
1 670 218
0 304 611
1 531 699
0 601 410
0 320 805
0 555 6
0 606 723
0 185 467
0 511 154
0 603 598
0 853 678
0 63 140
0 24 534
0 833 477
0 216 492
0 745 802
0 2 251
0 301 781
1 122 87
0 497 644
1 798 804
0 709 103
0 793 582
1 792 560
0 407 259
1 16 584
0 219 702
0 373 321
0 783 495
1 598 393
0 290 637
1 180 490
0 134 803
0 870 853
0 510 249
0 753 661
0 543 180
0 466 11
0 160 797
1 597 283
1 813 235
0 537 8
0 41 828
0 731 721
0 185 866
0 668 114
0 191 717
0 453 646
0 678 249
1 345 386
0 179 43
1 535 332
0 329 667
0 489 178
0 431 859
0 388 568
0 507 247
0 223 500
0 64 103
0 398 386
0 70 105
0 156 395
0 193 126
0 208 242
0 850 780
0 524 672
1 323 834
0 130 817
0 829 87
0 492 460
0 129 363
0 235 829
0 549 569
1 331 504
0 431 849
0 553 415
0 621 353
0 548 50
0 175 478
0 485 441
0 553 87
0 24 405
0 219 184
0 690 561
0 152 478
0 834 377
0 701 570
0 308 687
0 73 409
0 253 739
0 525 548
0 802 151
0 766 829
0 669 509
0 488 523
0 419 634
0 641 509
0 780 766
0 687 611
0 861 81
0 20 45
0 391 122
0 633 795
0 254 43
1 367 852
0 778 699
0 598 661
0 3 311
0 655 653
0 665 40
0 550 51
1 110 829
0 521 533
0 766 377
0 810 490
0 747 721
0 75 337
1 665 578
0 501 710
0 295 135
1 580 417
0 648 772
0 175 671
0 226 418
0 756 321
0 143 627
0 636 487
0 131 172
0 844 416
0 789 478
0 830 107
0 835 618
0 343 54
0 788 374
0 277 858
0 260 377
0 281 43
0 202 263
0 435 475
0 722 463
0 431 539
0 637 122
0 387 737
0 453 584
0 231 348
0 496 459
0 281 150
1 816 521
0 212 114
0 330 10
0 166 641
1 698 509
0 428 821
0 631 374
0 275 394
0 731 778
0 635 311
0 396 619
0 768 794
0 36 440
0 78 187
0 563 648
0 676 618
0 168 260
0 83 319
0 358 152
0 514 812
1 506 164
0 512 787
0 348 611
0 271 482
0 55 771
0 828 50
0 178 849
0 223 519
0 839 790
0 631 270
1 369 289
1 751 478
0 662 810
0 534 797
0 435 440
0 457 183
0 6 248
1 606 722
0 787 157
0 807 868
1 280 339
0 57 768
0 588 263
0 3 58
0 342 709
1 395 21
0 493 643
0 584 793
0 202 220
0 854 673
1 498 88
0 480 77
0 437 337
0 119 647
0 288 552
0 706 143
0 185 240
0 152 340
0 440 43
0 836 100
1 740 339
0 715 767
0 344 844
0 539 722
0 18 614
0 111 43
0 162 158
0 711 747
0 794 17
0 405 372
0 472 633
1 587 664
0 213 808
0 498 117
0 389 652
0 829 377
0 307 158
0 302 387
0 570 554
0 676 260
0 39 334
1 300 651
0 627 260
0 606 394
0 27 606
0 146 326
0 519 515
0 520 350
0 546 790
0 422 172
0 489 845
0 749 240
0 626 260
0 38 158
0 518 810
0 295 157
0 604 376
0 188 867
1 453 722
0 207 285
0 703 437
0 116 260
0 423 386
0 326 290
1 364 652
1 784 441
1 122 377
0 851 614
0 530 260
0 160 187
0 81 233
0 1 95
0 169 87
0 294 500
0 145 375
1 481 509
0 552 381
0 535 43
0 622 375
0 21 678
0 194 831
0 555 46
0 672 807
0 76 126
0 596 614
1 697 492
0 593 28
0 63 804
0 529 709
0 836 616
0 71 532
0 325 336
0 748 561
0 281 709
0 132 620
0 755 168
0 184 366
0 664 337
0 689 774
0 538 216
0 782 843
0 547 606
0 152 481
0 5 413
0 112 437
0 11 494
1 792 122
0 586 831
0 654 476
1 312 586
0 830 179
0 392 396
0 405 157
0 394 808
1 367 249
0 317 456
0 700 159
0 533 859
0 232 394
0 643 662
0 455 762
0 498 663
0 180 790
0 482 611
0 461 794
0 869 853
0 573 513
0 633 532
1 44 117
0 421 288
1 47 86
0 242 525
0 180 854
0 407 603
0 524 250
0 198 203
0 407 471
0 413 747
0 401 686
0 472 108
0 10 252
1 253 173
0 716 513
0 579 240
0 825 60
0 353 375
0 635 833
0 192 279
0 699 260
0 771 80
0 778 662
0 524 101
0 282 590
0 324 143
0 422 494
0 554 164
0 418 313
0 692 849
0 845 530
0 214 337
0 56 353
0 1 490
0 514 202
1 12 100
0 514 543
0 418 360
0 256 629
0 205 410
0 800 765
0 493 477
0 818 477
0 573 355
0 109 461
0 164 169
1 244 128
0 328 794
0 500 209
0 719 381
1 818 829
0 46 512
0 33 359
0 22 606
0 634 45
0 176 531
0 647 699
0 280 359
0 157 336
0 591 598
0 868 63
0 197 293
0 229 686
0 695 720
0 72 60
0 563 525
0 803 581
0 525 50
0 34 838
0 822 93
0 257 95
0 478 88
0 795 17
0 611 790
0 347 98
0 265 12
0 654 470
1 151 122
0 743 303
0 227 273
0 560 810
0 373 137
0 854 592
0 528 796
0 656 304
0 190 565
0 26 224
0 476 831
0 128 10
0 143 811
0 833 546
0 34 504
9
0 1 9 13 19 26 49 50 94