122788
1630 1429 1854 1749 1419
91
231
0 4
1 1
1 2
2 0
2 3
2 4
3 0
3 1
3 3
4 1
4 2
4 3
4 4
5 0
5 4
6 2
7 0
7 1
7 2
7 3
8 0
8 1
8 3
8 4
9 0
9 1
9 3
10 2
10 3
10 4
11 2
11 4
12 3
13 1
14 1
14 4
15 0
15 1
16 2
17 0
17 1
17 2
18 1
18 2
19 0
19 3
20 0
20 2
20 3
20 4
21 1
21 2
22 0
22 2
22 3
22 4
23 0
23 2
23 3
24 2
24 3
25 4
26 0
26 1
26 3
26 4
27 0
27 2
27 3
27 4
28 0
28 1
28 4
29 0
30 1
31 2
32 1
32 3
32 4
33 0
33 1
33 2
33 4
34 2
34 3
35 0
35 1
36 0
36 2
36 3
37 3
38 1
38 3
39 0
39 4
40 0
40 2
40 4
41 4
42 1
42 2
42 3
43 2
44 1
44 4
45 0
45 4
46 1
46 2
46 3
46 4
47 2
48 0
48 1
48 4
49 0
49 1
49 2
50 0
50 1
50 2
50 3
51 1
52 4
53 1
53 2
53 3
53 4
54 1
54 2
55 0
55 2
55 4
56 0
56 2
56 3
57 4
58 0
58 1
58 4
59 1
59 2
59 4
60 0
60 1
60 2
60 4
61 2
61 3
61 4
62 0
62 1
62 2
62 3
63 1
63 3
64 1
65 1
65 2
65 4
66 0
66 1
66 3
66 4
67 0
67 1
67 2
67 3
68 0
68 1
68 3
68 4
69 0
69 4
70 2
71 1
71 2
71 3
72 0
72 1
72 2
72 4
73 0
73 1
73 4
74 0
74 1
74 2
74 3
74 4
75 1
76 0
76 1
77 0
77 4
78 0
78 3
78 4
79 0
79 1
79 2
79 4
80 0
80 1
80 2
81 1
81 2
81 4
82 0
82 2
82 4
83 0
83 2
83 3
84 1
84 4
85 0
85 1
85 3
85 4
86 0
86 1
86 2
87 0
87 2
88 1
88 4
89 0
89 3
90 1
90 2
1
11
100
0 0 9361 0 1 0
0 1 9062 1 1 0
0 2 1958 0 1 1
0 3 9827 0 1 1
0 4 2908 1 0 0
0 5 8110 1 0 0
0 6 9743 1 1 0
0 7 9588 0 1 1
0 8 7663 0 0 1
0 9 7260 1 0 1
0 10 5906 0 1 0
0 11 4448 1 0 1
0 12 7076 1 0 0
0 13 9788 1 1 0
0 14 8984 1 0 0
0 15 5855 1 1 0
0 16 7574 1 0 1
0 17 7255 1 0 0
0 18 6263 0 1 1
1 19 8336 1 0 1
0 20 7486 1 0 0
1 21 8937 0 1 0
1 22 7910 0 1 0
0 23 6061 1 0 1
1 24 9401 1 0 1
0 25 9427 0 0 1
0 26 3138 1 0 1
0 27 9762 1 1 0
1 28 7452 1 0 1
0 29 2695 1 1 0
0 30 7167 1 1 0
0 31 8230 1 1 0
0 32 4628 0 0 1
0 33 9438 0 1 1
1 42 5891 0 1 1
0 35 4544 0 1 0
1 36 9739 1 1 0
0 37 9714 1 0 1
0 38 9802 0 0 1
0 39 7646 0 1 1
1 40 7298 0 1 0
0 41 3789 0 1 0
0 42 8502 0 1 0
0 43 9328 1 0 0
0 44 8455 0 1 1
0 45 7476 1 0 0
0 46 6665 1 1 0
0 47 9935 0 0 1
0 72 7961 1 0 1
0 49 9201 1 0 1
0 50 9861 1 1 0
0 51 6935 1 1 0
0 52 9159 1 0 0
1 53 4724 0 1 1
0 54 2095 1 1 0
0 55 8650 0 1 1
0 56 3398 0 0 1
0 57 5400 1 0 1
0 58 9937 1 0 0
0 59 6841 0 1 0
0 60 9771 0 0 1
0 61 8401 1 0 1
0 62 6529 1 0 0
0 63 9109 1 1 0
0 64 6975 0 1 0
0 65 9918 0 0 1
1 66 4498 1 1 0
0 67 3928 1 0 1
0 68 6420 0 1 1
0 69 9805 1 0 1
0 70 4204 1 0 1
0 71 9387 1 0 1
0 72 7642 1 0 0
0 73 854 0 0 1
1 74 5366 0 0 1
0 75 5376 1 0 1
0 76 9333 1 0 0
0 77 9758 0 0 1
0 78 6438 1 0 1
0 79 4739 0 1 0
0 80 4977 0 1 1
0 81 8393 0 1 0
0 82 7935 1 0 1
0 83 9510 1 1 0
0 84 8565 0 0 1
0 85 1501 0 0 1
1 86 8339 0 1 0
0 87 8451 1 0 1
0 88 9686 1 1 0
0 89 8350 0 1 1
0 90 3085 0 1 0
0 79 8008 1 0 1
0 10 9096 1 0 1
0 56 4659 1 1 0
0 21 5970 0 0 1
0 28 6704 0 1 1
0 72 9998 1 1 0
0 72 9657 1 0 1
0 79 6929 0 1 1
0 48 8943 1 0 0
932
0 46022259 8257305 0 0 0
1 48683788 0 2513131 0 0
2 0 0 0 215493859 7612148
1 5460393 0 49887434 0 0
0 4363384 48870935 0 0 0
1 73080451 0 62259231 0 0
2 0 0 0 359041 15163503
0 11701716 6504439 0 0 0
1 1209696 0 47825652 0 0
1 8597664 0 35669962 0 0
2 0 0 0 2166986 27169514
1 72901803 0 29539079 0 0
2 0 0 0 291500 10286251
2 0 0 0 548460 361963
0 30412133 1834321 0 0 0
0 112534171 27487079 0 0 0
0 302998 255202191 0 0 0
2 0 0 0 10723828 540018
2 0 0 0 57222502 728880
0 247402216 14643873 0 0 0
1 4031416 0 59654193 0 0
0 122013792 29966664 0 0 0
0 249701909 150128392 0 0 0
2 0 0 0 91327787 7318439
1 105446602 0 34922693 0 0
2 0 0 0 164427710 142332154
1 260943 0 28836680 0 0
1 6170207 0 37523717 0 0
2 0 0 0 210202485 98846893
1 97734601 0 8056268 0 0
0 20522921 4719454 0 0 0
1 2369775 0 275878917 0 0
0 571619040 13366336 0 0 0
2 0 0 0 41045901 123324610
0 2950523 16461672 0 0 0
0 84812257 3143387 0 0 0
0 5126172 1501971 0 0 0
0 37851886 3287310 0 0 0
0 107323573 639584 0 0 0
2 0 0 0 1751806 143143585
2 0 0 0 8051802 4317766
2 0 0 0 32998690 3273480
1 23152345 0 2358735 0 0
2 0 0 0 111021701 82173783
0 4369768 54873351 0 0 0
1 16001926 0 778745 0 0
2 0 0 0 5123815 685211
0 5830295 70493094 0 0 0
1 1020135 0 1741984 0 0
1 5176229 0 512864171 0 0
0 289584 24448092 0 0 0
0 128224 8988918 0 0 0
0 45265327 115439975 0 0 0
2 0 0 0 2417710 90840660
2 0 0 0 32437988 18075639
0 108846850 165327499 0 0 0
0 669179 103483927 0 0 0
2 0 0 0 6920381 118989169
2 0 0 0 153842916 139079465
1 153018322 0 42063794 0 0
1 228348246 0 52176169 0 0
2 0 0 0 57622427 1044836
1 2715553 0 6242680 0 0
2 0 0 0 53616419 39181022
1 650118 0 13799490 0 0
1 231619214 0 70668032 0 0
2 0 0 0 44201646 164112781
0 5046976 758662 0 0 0
1 2504367 0 65269800 0 0
0 7268337 7302752 0 0 0
1 8254102 0 23367414 0 0
1 5234418 0 38470012 0 0
2 0 0 0 21441068 3770801
0 39120321 40286603 0 0 0
1 13174659 0 12192467 0 0
2 0 0 0 4442223 5222036
1 61151857 0 119695022 0 0
2 0 0 0 330556252 13461292
0 12368848 36697076 0 0 0
0 62060072 1653128 0 0 0
2 0 0 0 522002494 8880512
1 3120310 0 1531829 0 0
2 0 0 0 378678 164151582
0 145550 405717397 0 0 0
1 4514131 0 58830265 0 0
0 104635454 46418456 0 0 0
0 31958297 27652046 0 0 0
0 13258554 615921083 0 0 0
1 107229439 0 3177271 0 0
1 4665298 0 11952027 0 0
1 35064405 0 38901246 0 0
2 0 0 0 44263659 9362135
0 17287712 6672342 0 0 0
0 784835 16792107 0 0 0
0 69511290 66746962 0 0 0
0 23369416 21916 0 0 0
0 49318300 2462704 0 0 0
2 0 0 0 122055 43150253
1 25 0 4912214 0 0
1 6302015 0 163294960 0 0
1 235353 0 16249873 0 0
2 0 0 0 34076636 208027046
1 146485342 0 107967986 0 0
0 32939273 134797960 0 0 0
0 11545240 65385224 0 0 0
2 0 0 0 12933184 15612485
0 10601160 4465519 0 0 0
1 117256312 0 529789 0 0
2 0 0 0 66288324 173454035
1 19067508 0 442548 0 0
0 3232507 36880431 0 0 0
1 48407527 0 23588892 0 0
2 0 0 0 54478555 18865139
0 30579914 29861346 0 0 0
1 51259402 0 6465872 0 0
0 6920642 71680342 0 0 0
1 6689150 0 22244365 0 0
0 30437289 63998834 0 0 0
0 229949 11076714 0 0 0
1 239406476 0 58760328 0 0
1 6724027 0 14572000 0 0
0 1170683 46016615 0 0 0
2 0 0 0 19885021 352842986
1 10985386 0 116791123 0 0
1 6913596 0 192757901 0 0
2 0 0 0 113049202 37723419
1 2937508 0 177555346 0 0
1 15567956 0 3848941 0 0
2 0 0 0 246314 45129840
1 41872111 0 7068142 0 0
0 78589919 31401987 0 0 0
1 45109750 0 305084746 0 0
0 11063323 6681648 0 0 0
0 5627373 109464345 0 0 0
1 25855773 0 12442283 0 0
2 0 0 0 2695215 34151800
0 72810752 503110751 0 0 0
1 1511276 0 61873868 0 0
0 6523084 13555667 0 0 0
2 0 0 0 2467286 35367519
2 0 0 0 72435688 21567120
0 53383724 5220405 0 0 0
2 0 0 0 115870969 172202674
2 0 0 0 239673283 77671345
1 55064354 0 7383022 0 0
0 3245928 8430 0 0 0
2 0 0 0 243690559 33288131
2 0 0 0 12148164 147203039
1 15849656 0 36228130 0 0
0 5882434 19711656 0 0 0
0 18839223 361004540 0 0 0
1 42543304 0 18416431 0 0
0 11835759 206529268 0 0 0
1 14960792 0 11855951 0 0
1 57009681 0 2926188 0 0
2 0 0 0 766159 38063555
2 0 0 0 36732767 181953673
1 122499693 0 4228785 0 0
2 0 0 0 25951545 164452406
0 64364033 37755699 0 0 0
1 4359832 0 156495435 0 0
2 0 0 0 43829123 1968304
2 0 0 0 151141421 471621904
1 731099 0 2119663 0 0
1 11946818 0 212357870 0 0
1 33122417 0 3241543 0 0
0 3888526 10358635 0 0 0
1 132313689 0 83851867 0 0
0 11598630 752 0 0 0
1 217129687 0 60550074 0 0
2 0 0 0 70249575 119596
2 0 0 0 1132185 78614006
0 14058291 6364559 0 0 0
0 231355 77203977 0 0 0
0 81922038 207025765 0 0 0
1 19668364 0 118408701 0 0
0 26381887 4011656 0 0 0
1 24202739 0 79667724 0 0
1 3801839 0 176293506 0 0
1 270406072 0 27113884 0 0
2 0 0 0 1610998 215616067
0 226708251 152035688 0 0 0
0 15160962 27668 0 0 0
0 8020175 463596 0 0 0
0 202858623 150960079 0 0 0
0 21557097 446173 0 0 0
0 56325466 38201132 0 0 0
1 146139319 0 36236 0 0
2 0 0 0 36292778 6144664
2 0 0 0 5058069 118934859
1 125115765 0 21690713 0 0
0 2551725 2046874 0 0 0
0 9001827 47480846 0 0 0
2 0 0 0 124796 13215251
1 207501969 0 204571275 0 0
2 0 0 0 84793688 56965075
2 0 0 0 31114331 1001189
2 0 0 0 96665782 35837597
0 19601022 22809107 0 0 0
2 0 0 0 142554835 33187438
2 0 0 0 109137689 122625618
2 0 0 0 18963911 110877351
2 0 0 0 13609434 55813468
0 27253590 271203241 0 0 0
1 142449997 0 63771816 0 0
0 635169 1426305 0 0 0
2 0 0 0 189118947 6738999
1 5807542 0 100099225 0 0
1 15206708 0 57218128 0 0
1 10157876 0 195683882 0 0
1 2856810 0 55901761 0 0
1 46813738 0 6412809 0 0
0 10609551 25769492 0 0 0
0 124898903 73835730 0 0 0
0 168884873 426400 0 0 0
0 11860065 66971009 0 0 0
0 8074217 96476252 0 0 0
1 102404724 0 10764538 0 0
1 125454831 0 2621641 0 0
1 44449 0 69853286 0 0
2 0 0 0 54955007 13801219
2 0 0 0 44719076 115209551
1 87541891 0 4387577 0 0
2 0 0 0 8696879 115495836
0 94716446 15349529 0 0 0
1 9947450 0 703869 0 0
0 4270490 143691043 0 0 0
0 101937945 4161757 0 0 0
1 27679617 0 4980478 0 0
2 0 0 0 20496585 9591476
1 21554355 0 5040658 0 0
2 0 0 0 50684021 140725917
0 8299360 334285821 0 0 0
1 10251550 0 12354200 0 0
0 98168247 200875262 0 0 0
1 279497579 0 2512943 0 0
1 111310531 0 24171922 0 0
2 0 0 0 28081194 1375022
2 0 0 0 178948195 131856915
1 2408156 0 4643523 0 0
1 11846100 0 8905683 0 0
0 216859282 305861017 0 0 0
1 5944855 0 8166523 0 0
2 0 0 0 58080602 2888971
0 49273209 56353950 0 0 0
1 25019155 0 75611687 0 0
1 7922396 0 349223 0 0
2 0 0 0 37232217 3154475
1 41895466 0 121936726 0 0
0 66330917 186063322 0 0 0
1 3639073 0 6220927 0 0
2 0 0 0 58836474 72143314
1 2133700 0 74460700 0 0
0 40152939 26951294 0 0 0
0 49214 52034180 0 0 0
1 22374523 0 367458830 0 0
0 26170792 242612507 0 0 0
0 8433639 23679 0 0 0
2 0 0 0 12626928 67186284
2 0 0 0 40199016 10355564
1 5043137 0 26990883 0 0
1 277190577 0 20207457 0 0
0 1581603 23707958 0 0 0
1 36314738 0 10246157 0 0
1 74817236 0 217770192 0 0
2 0 0 0 105064005 117856452
1 114076487 0 18232690 0 0
1 102955076 0 6619994 0 0
1 22809578 0 6161331 0 0
2 0 0 0 1327909 36810721
1 34406328 0 642930 0 0
2 0 0 0 29050871 62877
1 9030537 0 19960415 0 0
2 0 0 0 54549290 103412535
2 0 0 0 8785603 27307861
1 40320724 0 21176637 0 0
1 11137699 0 106162470 0 0
2 0 0 0 11068297 15341782
2 0 0 0 4089104 149473281
1 1944253 0 11227249 0 0
0 215823772 3566294 0 0 0
2 0 0 0 1575142 357464109
0 1768514 161253125 0 0 0
0 243596969 2948734 0 0 0
1 130744907 0 413232 0 0
2 0 0 0 134312875 210146618
1 95516919 0 64396 0 0
2 0 0 0 213442022 34380615
2 0 0 0 94910360 48159614
0 8040306 27557881 0 0 0
0 18453693 19201478 0 0 0
0 10532373 37585850 0 0 0
2 0 0 0 114047898 5736168
1 16262006 0 185945481 0 0
0 42219670 7090473 0 0 0
0 412686719 43361205 0 0 0
2 0 0 0 107530839 140190424
1 14469325 0 5835451 0 0
1 98488695 0 56124688 0 0
0 78951878 85114144 0 0 0
1 56316916 0 41504762 0 0
0 50567000 118304 0 0 0
0 267374973 65672128 0 0 0
0 284604409 98530123 0 0 0
2 0 0 0 1540178 3319164
0 31275817 724349 0 0 0
0 69566342 396909259 0 0 0
2 0 0 0 1649048 10427766
2 0 0 0 138077978 55111370
1 11386439 0 4945097 0 0
0 17100473 1251137 0 0 0
0 463479939 2831421 0 0 0
1 8246625 0 74289949 0 0
1 23340331 0 8137920 0 0
0 198836016 3194082 0 0 0
1 42371230 0 46963087 0 0
2 0 0 0 9284258 4734639
2 0 0 0 18276281 4033940
0 9486773 9455758 0 0 0
0 1086913 39580705 0 0 0
1 129350889 0 6532419 0 0
2 0 0 0 875059 32281494
0 371706 3926349 0 0 0
1 20716180 0 21701855 0 0
1 793960 0 6203462 0 0
0 229079207 140180879 0 0 0
0 21401563 55438432 0 0 0
2 0 0 0 5806780 20042773
0 698096 17222501 0 0 0
2 0 0 0 40696574 26779711
0 16931434 19987055 0 0 0
2 0 0 0 91902634 95534517
1 91132305 0 61103688 0 0
2 0 0 0 19358925 292412106
1 22746666 0 343970 0 0
0 228638782 5529048 0 0 0
1 4593447 0 274981123 0 0
2 0 0 0 1341427 5837558
1 31077 0 51195741 0 0
1 4043653 0 280091690 0 0
1 229552420 0 38867634 0 0
1 205903991 0 8545367 0 0
0 71694154 26613464 0 0 0
1 42675152 0 82132390 0 0
2 0 0 0 187144286 201585669
2 0 0 0 29854504 107647421
1 63155519 0 27824713 0 0
2 0 0 0 219026501 437064717
2 0 0 0 134204254 1464767
2 0 0 0 52079541 12017173
2 0 0 0 195719657 40448930
0 34133073 132322918 0 0 0
2 0 0 0 5477587 15342710
2 0 0 0 68866 1248843
2 0 0 0 55634005 22587406
2 0 0 0 29305536 61116369
2 0 0 0 12068490 361932323
0 9273225 42663995 0 0 0
0 63074662 32489700 0 0 0
1 6240155 0 1198395 0 0
0 167101554 13490947 0 0 0
2 0 0 0 34578301 23484482
0 39911469 110726277 0 0 0
0 76117641 24423488 0 0 0
2 0 0 0 2729950 1965241
2 0 0 0 147326802 187242249
2 0 0 0 36271835 529427226
1 1010822 0 695113 0 0
2 0 0 0 8793377 73602838
2 0 0 0 87083 306594918
1 83089809 0 4062056 0 0
2 0 0 0 49949713 21658777
1 923970 0 196525496 0 0
1 12932971 0 6027847 0 0
1 46823069 0 13419024 0 0
2 0 0 0 14869439 23162202
0 221819849 5067416 0 0 0
0 270779827 36463096 0 0 0
0 5563038 30813899 0 0 0
0 386426205 45991412 0 0 0
1 90759257 0 1637400 0 0
2 0 0 0 132180508 84698418
1 43307580 0 368225 0 0
0 31192119 1483823 0 0 0
0 81138489 175709202 0 0 0
1 69508445 0 29313951 0 0
2 0 0 0 16658791 9590310
2 0 0 0 1266779 140309959
2 0 0 0 61222318 52501347
2 0 0 0 176970141 251024902
1 213627410 0 27749 0 0
1 14648157 0 9313928 0 0
2 0 0 0 276738994 15480319
1 11250623 0 6730806 0 0
2 0 0 0 52742670 3486710
0 47470470 154053498 0 0 0
2 0 0 0 50986897 252385126
0 2102348 9587586 0 0 0
1 252993000 0 328727679 0 0
1 8501344 0 114094420 0 0
1 24403628 0 21556090 0 0
0 4870209 206516585 0 0 0
2 0 0 0 35431070 79670206
1 58055983 0 54946350 0 0
1 25438785 0 93397902 0 0
0 18964575 1867454 0 0 0
0 50407277 74838188 0 0 0
2 0 0 0 235016181 12076550
0 5314187 4786301 0 0 0
2 0 0 0 31357822 117660132
0 28169640 71889971 0 0 0
1 64993341 0 463140528 0 0
2 0 0 0 8486674 19943384
1 38181683 0 2707446 0 0
1 5650 0 57578151 0 0
2 0 0 0 11702330 174902811
1 1200901 0 535871 0 0
2 0 0 0 61624576 52957553
2 0 0 0 4859775 424422756
1 9313788 0 1573332 0 0
2 0 0 0 21971645 48239458
2 0 0 0 5690034 131917744
2 0 0 0 52557669 9111596
1 2229751 0 102041702 0 0
0 196645636 25592572 0 0 0
1 3092995 0 24324641 0 0
2 0 0 0 34415775 124459722
2 0 0 0 10593826 17123172
0 12539267 33458 0 0 0
0 13645401 35166304 0 0 0
1 61679179 0 32431808 0 0
0 139911655 13240599 0 0 0
2 0 0 0 269637059 77132369
0 54514095 28067827 0 0 0
0 15971635 100692 0 0 0
0 63334999 11281509 0 0 0
2 0 0 0 216289314 30698274
1 17967659 0 337362076 0 0
0 9983594 81314569 0 0 0
0 348579 3335979 0 0 0
0 8904235 4882275 0 0 0
2 0 0 0 231814242 615688559
1 4389249 0 5527554 0 0
0 2423647 15528069 0 0 0
0 14012064 82240042 0 0 0
2 0 0 0 21566841 63851590
2 0 0 0 2828344 1164576
0 127548198 271775436 0 0 0
0 3140 37723037 0 0 0
2 0 0 0 2075472 20782919
0 9585719 140001802 0 0 0
1 368307580 0 129626 0 0
0 693264 54461905 0 0 0
1 104302286 0 4527042 0 0
1 11401506 0 51417922 0 0
2 0 0 0 4742729 9196055
0 10097238 155672 0 0 0
2 0 0 0 43245464 14162572
0 238949150 3662029 0 0 0
1 48700410 0 7830090 0 0
2 0 0 0 31055162 15526460
0 84424444 180768 0 0 0
0 14207398 5997192 0 0 0
1 4662515 0 338583183 0 0
0 61515432 32870317 0 0 0
1 5286262 0 110550486 0 0
0 10974219 1700444 0 0 0
2 0 0 0 24839957 24930179
1 188125462 0 57948536 0 0
1 29565528 0 36053357 0 0
0 24058844 4153 0 0 0
1 113165 0 24701447 0 0
1 39981220 0 42146642 0 0
0 4147087 4262613 0 0 0
2 0 0 0 46846259 152459436
2 0 0 0 3654661 166317060
1 347788 0 90044303 0 0
0 91972395 256922175 0 0 0
2 0 0 0 142839698 88262956
0 35770094 79933198 0 0 0
0 32866524 46086014 0 0 0
2 0 0 0 217636135 33785262
0 3178573 47009852 0 0 0
0 299318282 165788639 0 0 0
2 0 0 0 2074233 3025214
2 0 0 0 2144215 23599274
0 310832821 30630376 0 0 0
1 13008045 0 128452 0 0
1 38441337 0 28718668 0 0
2 0 0 0 225876515 237341251
0 11774805 84049742 0 0 0
2 0 0 0 62794985 32784521
2 0 0 0 4458566 5371122
1 767407 0 85995401 0 0
0 13898030 25731372 0 0 0
0 16662882 7258262 0 0 0
2 0 0 0 34393444 93894971
1 407317 0 33225421 0 0
1 31447410 0 11781906 0 0
0 54534259 274110972 0 0 0
0 69658097 4074749 0 0 0
1 16309140 0 270910414 0 0
0 27545402 1662660 0 0 0
1 23181754 0 47928677 0 0
0 274659530 17534112 0 0 0
2 0 0 0 8902401 35113185
1 71923709 0 96670239 0 0
2 0 0 0 112967994 14256826
2 0 0 0 30759329 47595770
1 422870 0 3125767 0 0
0 1149246 50999145 0 0 0
1 196383 0 61596126 0 0
1 34628318 0 7459069 0 0
0 17830765 2520613 0 0 0
1 7140546 0 6367662 0 0
2 0 0 0 232932716 610309
1 111890772 0 4645210 0 0
2 0 0 0 181187 40899606
1 47533715 0 12260150 0 0
1 19415608 0 7494577 0 0
1 113631858 0 6019258 0 0
0 30063543 163038238 0 0 0
1 8044636 0 11583932 0 0
2 0 0 0 121019760 243499710
1 623871 0 134883634 0 0
1 9403571 0 16500456 0 0
2 0 0 0 187403527 1326692
2 0 0 0 2447972 174122883
0 19653790 27000167 0 0 0
1 255000432 0 62045437 0 0
0 56325032 13513245 0 0 0
0 27342947 8930970 0 0 0
2 0 0 0 1709923 39484363
1 317651195 0 6707887 0 0
1 9325644 0 143795760 0 0
1 184383592 0 3513789 0 0
2 0 0 0 204065384 46169970
1 1791961 0 50970893 0 0
1 23009046 0 14973323 0 0
2 0 0 0 164522829 65877937
0 766781 6798843 0 0 0
2 0 0 0 79773169 24028322
1 46692817 0 54769305 0 0
2 0 0 0 8413691 3201392
0 1498034 19585849 0 0 0
1 94301705 0 20024882 0 0
0 50014299 2734991 0 0 0
1 675710 0 558460 0 0
2 0 0 0 53678461 218840506
0 348087707 410849147 0 0 0
1 294127723 0 4969835 0 0
1 29332109 0 112094360 0 0
1 173074909 0 165941666 0 0
0 14891400 22260053 0 0 0
2 0 0 0 3840595 27056334
0 105536231 1701946 0 0 0
0 41211338 287206355 0 0 0
2 0 0 0 108468821 56226143
2 0 0 0 27242013 923690
1 174226609 0 44270206 0 0
1 5946789 0 48579738 0 0
2 0 0 0 9112568 134724725
2 0 0 0 146694789 74695795
1 196739707 0 69149703 0 0
1 7553190 0 53102121 0 0
1 29215335 0 7047768 0 0
0 15179410 76764324 0 0 0
0 8041413 16550674 0 0 0
0 115139281 39565319 0 0 0
1 1507273 0 3936105 0 0
1 29774096 0 14254522 0 0
0 6402050 21121814 0 0 0
1 9951348 0 42116038 0 0
0 11863769 35571923 0 0 0
0 83288191 8090905 0 0 0
0 132105875 19770895 0 0 0
1 4396809 0 3386513 0 0
2 0 0 0 24233330 129265474
1 488921 0 49966218 0 0
2 0 0 0 66789266 14829883
0 81676885 151562 0 0 0
0 169455918 10765534 0 0 0
0 3018700 162890247 0 0 0
1 237671028 0 53565176 0 0
2 0 0 0 1426091 11470677
1 48742278 0 910668 0 0
0 9675628 9587019 0 0 0
0 39624780 143658352 0 0 0
1 21362822 0 120246704 0 0
1 138113 0 1467058 0 0
1 36508168 0 631623 0 0
2 0 0 0 232540346 4812118
2 0 0 0 148733362 67776180
2 0 0 0 139577404 53946261
2 0 0 0 217463181 849431
2 0 0 0 25757530 11168268
0 35003960 769638 0 0 0
2 0 0 0 33228917 16639551
1 32008414 0 4757185 0 0
1 1497774 0 3116266 0 0
0 73045150 14023890 0 0 0
2 0 0 0 61496472 1987458
0 12027424 174376561 0 0 0
0 19453966 107320186 0 0 0
1 24464015 0 32321804 0 0
0 66395621 10794924 0 0 0
0 65016527 46916256 0 0 0
0 10591732 187474600 0 0 0
0 30283497 92954275 0 0 0
2 0 0 0 55210835 1829531
1 98607087 0 2371898 0 0
2 0 0 0 85943642 22771439
0 4789577 4968559 0 0 0
2 0 0 0 9557233 14207910
0 5613585 18684318 0 0 0
2 0 0 0 714537 139585523
1 35029689 0 179485316 0 0
0 12552035 3700380 0 0 0
2 0 0 0 358491 25971433
0 3638476 71991236 0 0 0
2 0 0 0 22711859 73342000
1 23786406 0 25019512 0 0
1 74434642 0 88078200 0 0
0 32945875 3495392 0 0 0
2 0 0 0 79249602 25398309
1 2460767 0 228558574 0 0
2 0 0 0 4312477 638389
0 72067085 27207525 0 0 0
0 2055546 52535251 0 0 0
1 93580481 0 29346280 0 0
0 31095397 12102436 0 0 0
2 0 0 0 41913494 7562625
0 190441213 3546275 0 0 0
2 0 0 0 23066533 139549748
1 27058035 0 804902 0 0
1 4085029 0 266705800 0 0
2 0 0 0 9340908 123768890
1 43411326 0 509384023 0 0
2 0 0 0 144390684 63608
2 0 0 0 242910079 16016133
2 0 0 0 21869970 28286448
2 0 0 0 346103166 9159523
2 0 0 0 12398 157230628
0 18481534 1788671 0 0 0
0 97148998 1072588 0 0 0
0 5083206 11158333 0 0 0
2 0 0 0 297149 30713969
0 6980048 253522 0 0 0
2 0 0 0 1007457 6410146
0 1228916 20814273 0 0 0
2 0 0 0 19820034 9318287
1 273656390 0 129585208 0 0
2 0 0 0 58511035 6894584
1 87563358 0 517987 0 0
2 0 0 0 897870 74056874
0 202556008 866188 0 0 0
1 9056506 0 11397977 0 0
0 809695 14022384 0 0 0
0 42906405 809099 0 0 0
0 10393825 67641049 0 0 0
1 830546 0 143310691 0 0
1 139729939 0 469547 0 0
0 164694799 126294 0 0 0
0 3693122 22637433 0 0 0
2 0 0 0 22745 35865034
1 245119283 0 139877690 0 0
2 0 0 0 71248730 2496190
1 10616472 0 39981512 0 0
0 166214311 8751 0 0 0
1 181222301 0 23214 0 0
1 384984733 0 10638871 0 0
0 14607447 177366 0 0 0
0 5845883 80537323 0 0 0
1 2479499 0 30294864 0 0
0 3671314 2839494 0 0 0
2 0 0 0 20174094 840660
1 411266 0 7816021 0 0
1 879381 0 39657720 0 0
1 3602450 0 208276854 0 0
1 11146718 0 31011125 0 0
1 3270901 0 12685423 0 0
2 0 0 0 230759655 182531
2 0 0 0 13996983 10296773
2 0 0 0 13100693 24917410
0 70211781 2750347 0 0 0
0 54925815 32603670 0 0 0
0 41040390 109162751 0 0 0
2 0 0 0 358356367 46149724
0 22962798 43089470 0 0 0
0 1048536 10620893 0 0 0
1 24920688 0 21737671 0 0
2 0 0 0 54595707 9414312
1 7149443 0 50276740 0 0
2 0 0 0 5567738 5479987
0 62070925 51647063 0 0 0
2 0 0 0 27354951 1175096
2 0 0 0 3095267 136129106
2 0 0 0 84804700 3026800
2 0 0 0 14109802 49440746
2 0 0 0 4545389 6682029
1 7120872 0 111465606 0 0
2 0 0 0 123770550 10585840
0 44593355 77918745 0 0 0
1 15145252 0 4440733 0 0
1 1017938 0 57680529 0 0
1 144475569 0 172729345 0 0
0 133900675 52707804 0 0 0
0 210582 1867104 0 0 0
2 0 0 0 35072788 35086820
1 142494731 0 1368072 0 0
1 5822415 0 6197792 0 0
0 186323211 158754 0 0 0
0 952147 5364840 0 0 0
0 81398039 1768997 0 0 0
0 314321094 31750962 0 0 0
0 1103937 151813393 0 0 0
1 235512122 0 32997050 0 0
0 16269018 66120206 0 0 0
0 62030988 52314038 0 0 0
0 5863118 86500534 0 0 0
2 0 0 0 13635389 37150685
2 0 0 0 993874 21429135
0 224502 348189723 0 0 0
2 0 0 0 5659958 600784
2 0 0 0 6697315 292557038
0 12355339 148865360 0 0 0
0 267244 55675911 0 0 0
2 0 0 0 14640075 428805823
0 48490759 46339236 0 0 0
1 1266490 0 24507803 0 0
2 0 0 0 21048194 35808842
2 0 0 0 305808443 33083906
2 0 0 0 136335 12149168
1 227559704 0 122284866 0 0
1 8819501 0 13928993 0 0
1 30242378 0 33998779 0 0
2 0 0 0 22707867 45336543
1 100630411 0 122518 0 0
0 3010197 9835945 0 0 0
1 166043438 0 15371430 0 0
2 0 0 0 17216518 19013
0 75365377 115862521 0 0 0
1 2077418 0 97298517 0 0
1 47328176 0 8037367 0 0
2 0 0 0 17843045 5263482
2 0 0 0 45248086 168565966
0 14143085 23694294 0 0 0
0 25991406 40036594 0 0 0
0 31709449 54241152 0 0 0
2 0 0 0 113044296 11821316
0 30423825 207749411 0 0 0
0 27919646 2153532 0 0 0
2 0 0 0 64020244 3587081
1 125953206 0 240975236 0 0
0 76630047 4404640 0 0 0
2 0 0 0 10181940 156883076
2 0 0 0 41570700 1226930
0 245903726 272535226 0 0 0
1 23924699 0 28234456 0 0
2 0 0 0 22293943 2160313
0 88015425 139384577 0 0 0
2 0 0 0 7781659 2003080
0 73669632 114471 0 0 0
1 87668300 0 67871188 0 0
1 802906 0 1568192 0 0
0 31982629 120107463 0 0 0
1 135865263 0 12317071 0 0
2 0 0 0 6709084 4363986
1 53456552 0 7534937 0 0
2 0 0 0 2512366 77280409
0 28784662 6734467 0 0 0
1 15576828 0 39968253 0 0
2 0 0 0 10736531 91227326
1 9478403 0 224593243 0 0
0 24111197 254511 0 0 0
2 0 0 0 91425384 87357106
0 40476920 788959 0 0 0
1 1380685 0 357677565 0 0
0 15795110 340624407 0 0 0
1 3987576 0 12331825 0 0
2 0 0 0 937338 19364181
0 19896428 21752569 0 0 0
1 29421150 0 63616208 0 0
1 81314676 0 21167298 0 0
0 29497708 2854070 0 0 0
1 5869182 0 292334301 0 0
2 0 0 0 3244709 92798397
2 0 0 0 57063408 48339211
0 6858358 1020859 0 0 0
0 3447400 214303977 0 0 0
0 7048725 17406561 0 0 0
0 1598495 27653240 0 0 0
2 0 0 0 178716859 6785445
1 173757221 0 461535 0 0
1 4582431 0 19386730 0 0
0 14990092 1434369 0 0 0
2 0 0 0 162123965 3404882
1 8755882 0 503101 0 0
0 50857497 43313304 0 0 0
0 5663587 2445201 0 0 0
1 4252429 0 16868618 0 0
2 0 0 0 53270101 102099321
0 95376893 7919345 0 0 0
1 40462731 0 106390453 0 0
1 672657424 0 294662108 0 0
0 9288041 298817210 0 0 0
1 104341941 0 4361779 0 0
1 13016206 0 264444318 0 0
2 0 0 0 42978302 493106719
2 0 0 0 38571068 12000513
1 90425668 0 30794276 0 0
1 93760899 0 2383134 0 0
2 0 0 0 63728122 247711961
1 14966211 0 1215408 0 0
2 0 0 0 5570993 20332913
1 62738304 0 50688547 0 0
1 14101770 0 367166532 0 0
0 2577277 77297916 0 0 0
2 0 0 0 22597467 2745051
0 901437 71557385 0 0 0
2 0 0 0 14242112 21999702
2 0 0 0 393559 1241401
1 9695835 0 193830908 0 0
2 0 0 0 643747 16539656
0 14302174 1216296 0 0 0
1 290218945 0 725974 0 0
2 0 0 0 22113913 813618
2 0 0 0 5506047 53872899
1 38369107 0 46592188 0 0
1 112406957 0 95711197 0 0
2 0 0 0 1307999 1293112
1 4743070 0 29951476 0 0
1 48158477 0 50588389 0 0
0 831835 19840665 0 0 0
0 166651503 12503409 0 0 0
0 2821750 146834626 0 0 0
0 1060381 7838120 0 0 0
1 18896761 0 4386382 0 0
0 242 78122357 0 0 0
2 0 0 0 47699436 93359566
2 0 0 0 1227646 37898845
1 149927526 0 104301132 0 0
0 19335815 22629593 0 0 0
2 0 0 0 24290518 69091458
0 21319228 76453963 0 0 0
0 20119433 2804486 0 0 0
1 45310 0 63590607 0 0
1 100058030 0 12020304 0 0
0 175664689 62259013 0 0 0
2 0 0 0 1040995 81599090
2 0 0 0 89329 9621695
2 0 0 0 4207765 112552911
2 0 0 0 637675135 161786989
0 205362 143301683 0 0 0
0 15348123 221004047 0 0 0
0 53039288 9621873 0 0 0
2 0 0 0 16863107 5963707
1 30217846 0 94001577 0 0
2 0 0 0 77264635 154295313
1 15291279 0 12490839 0 0
1 4858904 0 172129919 0 0
1 21542953 0 172334217 0 0
0 66145442 19391094 0 0 0
1 7160736 0 1187974 0 0
1 25914139 0 59927588 0 0
2 0 0 0 125524884 101122370
0 112331215 21881788 0 0 0
0 14920636 32216 0 0 0
2 0 0 0 620806542 21551661
0 13064764 14735492 0 0 0
2 0 0 0 436930492 39963831
2 0 0 0 235141225 35491935
1 46846973 0 62094843 0 0
1 1092223 0 196297755 0 0
1 287079108 0 890125 0 0
2 0 0 0 439304 137206743
0 84916834 1497932 0 0 0
0 3281408 166841469 0 0 0
2 0 0 0 16527271 175272
2 0 0 0 34095676 37336235
2 0 0 0 710546 53200438
2 0 0 0 36392 92973975
1 103095923 0 69555319 0 0
0 318212458 2221486 0 0 0
1 10550588 0 8550042 0 0
1 29104883 0 38282904 0 0
2 0 0 0 64449718 33390871
1 2319456 0 103648899 0 0
2 0 0 0 72400906 75284808
2 0 0 0 15696343 9272964
2 0 0 0 86066492 3152188
1 35329768 0 40530434 0 0
0 19351954 62630112 0 0 0
2 0 0 0 4826021 16630485
0 122526108 2510453 0 0 0
0 59909011 13723099 0 0 0
1 3523 0 5956580 0 0
2 0 0 0 40487215 1741851
2 0 0 0 19441221 9176669
2 0 0 0 64353946 102179783
1 22330312 0 19080481 0 0
1 1220618 0 103911148 0 0
2 0 0 0 239902986 98062608
0 45278714 125016765 0 0 0
2 0 0 0 22878138 36365043
1 25907431 0 334715296 0 0
1 46281405 0 15573403 0 0
1 158714199 0 6370961 0 0
0 73330744 46454379 0 0 0
0 204441050 150809364 0 0 0
2 0 0 0 400816 44248382
2 0 0 0 667235 166055075
1 112051562 0 42350888 0 0
1 232419130 0 55514304 0 0
1 1576519 0 137366992 0 0
2 0 0 0 51764392 62771127
0 8583473 33854063 0 0 0
0 34446071 25570991 0 0 0
2 0 0 0 43281938 162763933
0 119906511 17294370 0 0 0
1 25165536 0 80042635 0 0
0 144383912 190108 0 0 0
2 0 0 0 991633 1286554
0 550262607 172025 0 0 0
1 8590961 0 16704883 0 0
0 53298389 12981009 0 0 0
0 12930952 23269326 0 0 0
2 0 0 0 83938743 2118358
2 0 0 0 58113403 34978149
1 27352455 0 2559780 0 0
0 25935628 109183661 0 0 0
0 3367153 141536922 0 0 0
990
0 27 568
0 27 455
0 568 132
0 455 726
0 132 810
0 810 262
0 810 433
0 262 804
0 262 295
0 726 214
0 433 670
0 433 598
0 598 819
0 214 578
0 670 98
0 295 885
0 804 8
1 262 198
0 670 619
0 8 889
0 262 294
1 819 709
0 670 548
0 885 698
0 578 458
0 619 69
0 578 789
0 548 268
0 455 183
1 295 840
0 198 512
0 8 349
0 840 640
0 294 300
0 568 54
1 726 581
0 789 858
0 183 912
1 726 766
0 568 502
0 568 70
0 766 633
0 512 51
0 766 315
0 889 384
0 8 86
0 300 672
1 819 594
0 8 743
0 512 792
1 300 410
0 912 416
0 455 427
0 594 927
1 8 832
0 581 199
1 300 106
0 792 929
0 315 75
0 578 500
1 858 748
0 598 237
0 315 469
0 54 545
0 832 123
0 840 579
0 885 327
0 295 399
0 789 281
0 789 133
1 70 359
1 458 345
0 804 506
0 579 688
0 86 757
0 86 241
0 268 420
1 929 377
0 469 52
0 294 71
0 8 466
0 262 868
0 300 782
0 359 638
0 466 741
0 548 582
0 640 379
0 912 375
1 500 194
0 466 189
0 500 221
1 221 546
0 315 705
0 51 254
1 506 224
0 237 601
0 594 36
0 594 842
0 214 700
0 221 915
0 91 186
0 692 719
0 153 356
1 561 230
0 699 754
1 247 90
0 253 922
0 138 571
0 842 355
0 535 904
0 414 372
0 446 878
0 815 524
0 205 164
0 196 357
0 653 539
1 118 392
0 316 18
0 113 419
0 406 740
0 97 622
0 302 864
1 849 453
0 368 10
0 136 239
0 128 711
0 427 801
0 721 223
0 769 396
0 763 838
0 452 778
0 319 360
0 470 256
0 240 641
1 810 341
0 9 639
1 702 691
0 114 85
0 143 605
0 205 639
0 449 78
1 655 497
0 603 711
0 454 336
0 690 695
0 378 769
0 775 521
0 339 643
1 379 731
0 918 555
0 729 686
0 201 510
1 730 253
1 888 821
0 412 738
0 167 418
0 630 48
0 673 737
0 658 276
0 312 354
0 197 663
0 907 114
0 29 491
0 133 18
0 799 146
0 343 229
0 88 754
0 268 167
0 688 791
0 232 84
0 295 358
0 51 440
0 430 445
0 251 426
0 741 567
1 850 788
1 689 784
0 270 396
1 632 42
0 849 400
0 77 675
0 534 88
0 310 172
0 130 157
0 800 894
0 453 759
1 130 615
0 557 233
1 296 711
0 775 127
0 499 773
0 928 113
0 573 666
0 900 220
0 370 663
0 81 711
0 423 647
0 412 218
0 310 228
0 554 494
0 86 864
0 562 290
0 121 879
1 632 625
0 461 610
0 217 139
0 323 564
0 233 35
1 702 536
1 606 376
0 93 603
1 755 73
0 157 571
0 294 677
1 839 712
0 375 167
0 497 703
0 489 113
0 209 531
0 901 774
0 107 112
0 759 711
0 47 10
0 502 368
0 7 562
0 144 264
0 839 296
0 497 689
0 537 641
0 565 508
0 839 837
0 844 510
0 7 752
1 398 614
0 279 539
0 326 606
0 445 372
0 331 637
0 397 334
0 794 468
1 374 437
0 259 249
0 872 206
0 835 765
0 879 47
0 231 678
0 208 848
0 12 462
0 493 310
0 703 33
0 620 904
0 474 475
0 583 474
1 472 396
0 317 623
0 757 434
0 304 431
0 155 435
0 566 12
0 884 747
0 254 807
0 296 482
0 818 380
1 910 623
1 813 737
0 696 400
0 726 193
0 450 864
0 924 372
0 100 908
0 430 362
0 551 369
0 469 660
0 51 24
0 133 303
0 173 301
0 160 121
0 658 631
0 390 894
0 147 764
0 841 647
0 836 661
0 495 615
0 547 119
0 870 539
0 605 10
0 240 536
0 289 809
0 31 714
0 494 419
0 558 754
0 597 125
0 849 783
1 576 109
0 139 453
1 661 218
0 570 625
0 768 197
1 259 793
0 249 661
1 743 170
1 346 168
1 907 68
0 630 643
0 614 613
1 803 335
0 812 769
0 384 834
1 638 892
0 464 200
0 784 550
1 759 13
0 447 552
0 821 418
0 450 729
1 331 82
0 540 733
0 742 710
0 700 103
0 129 844
0 535 317
0 407 694
1 725 33
0 827 904
0 161 550
1 828 477
0 927 145
0 192 360
0 836 518
0 178 915
0 849 491
0 465 329
1 132 85
0 434 841
0 37 551
0 174 284
0 205 53
0 315 652
0 919 806
0 108 591
0 95 689
0 348 630
0 566 870
0 814 270
0 747 307
1 749 239
0 394 10
0 317 239
0 648 854
1 686 603
0 403 492
0 837 824
0 126 480
1 922 436
0 506 374
0 776 400
0 0 109
1 818 762
0 902 46
0 333 440
0 360 603
0 527 249
0 406 649
0 171 798
1 119 680
0 202 247
0 735 17
0 494 208
0 68 870
1 318 707
0 880 246
0 308 340
1 47 168
0 757 543
0 714 453
0 619 92
0 370 436
0 471 42
1 323 623
0 705 16
0 17 145
0 596 710
0 176 186
0 736 649
0 232 718
0 721 259
1 645 798
0 149 175
0 625 192
0 870 24
0 95 524
0 409 386
0 83 87
0 156 729
0 91 99
0 11 296
0 322 109
0 357 419
1 853 818
1 294 528
0 33 34
0 764 415
0 369 81
0 802 541
0 214 578
0 847 152
0 403 191
0 354 497
0 612 313
0 688 733
0 281 155
0 68 277
0 907 770
0 865 113
0 621 771
0 288 844
0 411 255
0 579 24
0 538 497
0 111 847
0 177 202
0 348 93
0 921 744
0 147 811
0 485 33
1 922 614
0 511 725
0 859 126
0 40 450
0 73 139
0 408 521
0 79 386
0 181 723
0 369 167
1 538 256
0 844 438
0 297 821
0 847 368
0 836 186
0 412 674
0 503 890
0 167 373
0 443 157
0 472 10
0 526 453
0 286 147
0 459 81
0 862 415
0 422 187
0 525 147
0 761 231
0 147 729
0 200 712
0 431 147
0 784 718
1 282 11
0 333 64
0 595 190
0 94 157
0 565 915
0 700 906
0 802 217
0 708 56
0 830 191
0 580 115
0 459 400
0 172 746
0 275 317
0 452 192
0 804 667
0 630 210
0 897 675
0 783 836
0 203 830
0 360 737
1 48 503
0 82 731
0 468 197
0 545 678
0 467 521
0 184 368
0 435 904
0 712 552
0 537 843
0 784 724
0 674 157
0 146 373
0 8 128
0 671 432
1 417 386
0 387 60
1 3 622
0 489 909
1 669 715
1 435 13
0 362 145
0 844 334
0 150 206
0 470 40
0 330 730
1 121 711
0 253 679
0 273 472
0 515 73
1 542 504
0 866 823
0 159 781
1 681 121
0 345 354
0 544 263
0 708 325
0 740 319
0 900 276
0 735 876
0 687 732
0 244 846
0 313 603
0 810 366
0 658 308
0 361 274
0 651 680
0 152 13
0 448 367
0 471 277
0 108 125
0 366 260
0 628 649
0 621 437
0 195 543
0 584 824
0 812 637
0 858 335
0 141 922
0 617 376
0 807 504
0 273 710
1 903 622
0 104 280
0 921 589
0 834 35
0 488 121
0 435 388
0 706 110
0 671 797
1 348 249
0 650 922
0 463 751
0 58 143
0 806 235
0 368 667
0 734 77
0 414 335
0 252 68
0 54 114
0 299 714
0 231 419
1 39 887
0 684 205
0 489 828
1 164 73
0 301 710
0 43 235
0 527 127
0 234 168
0 577 477
0 491 270
0 871 841
0 852 450
0 828 668
0 127 247
0 845 531
0 523 603
0 425 833
0 36 211
1 302 233
0 660 559
0 330 162
0 489 769
0 115 555
0 267 746
0 150 235
0 58 890
0 861 513
0 792 201
0 417 788
0 847 152
0 528 421
0 356 629
0 66 692
0 657 101
0 322 393
1 618 322
0 334 603
0 749 18
1 76 606
1 378 872
0 424 902
0 60 713
0 616 474
0 111 374
0 437 34
0 400 692
1 590 63
0 910 805
0 71 713
0 248 722
0 306 602
0 759 661
0 721 120
0 523 32
0 800 447
1 403 260
0 745 561
0 175 276
0 47 472
0 283 862
0 294 53
0 306 272
0 507 386
0 790 311
0 624 450
1 754 80
0 138 187
0 617 703
0 390 812
1 699 253
0 911 39
0 622 334
0 117 918
0 421 81
0 629 311
0 410 860
0 411 497
0 4 354
0 31 9
0 692 168
0 57 623
0 451 586
1 874 536
0 762 915
0 726 229
0 16 686
0 49 571
0 110 846
0 63 609
0 841 23
0 663 229
1 477 833
0 155 336
0 204 894
0 598 662
1 739 472
0 911 524
0 875 447
1 536 319
0 907 753
0 258 780
0 67 689
0 250 694
0 773 854
0 529 402
0 461 443
0 487 168
0 193 378
0 808 722
0 673 878
1 272 84
0 844 343
1 50 487
0 262 740
1 741 275
0 533 600
1 520 329
1 275 320
0 253 206
0 921 837
0 52 108
0 277 679
0 412 761
0 180 772
0 874 809
0 397 211
0 63 90
0 924 305
0 128 277
0 527 854
1 109 886
0 175 231
0 571 418
1 799 107
0 671 559
0 355 348
0 713 453
0 542 446
0 171 6
0 649 562
0 339 813
0 284 718
0 142 56
0 214 925
0 398 145
1 131 661
0 837 549
1 280 415
0 417 256
0 661 218
0 330 390
0 723 482
0 242 818
0 136 513
0 217 175
0 257 492
0 197 380
0 660 664
0 157 539
0 417 661
0 677 319
0 791 372
0 579 611
1 389 600
0 247 365
0 678 426
0 656 73
0 64 602
0 92 13
0 729 47
0 185 417
0 920 89
1 689 675
0 3 675
0 232 629
1 36 310
1 629 786
0 148 830
0 398 923
0 465 742
0 843 450
0 750 925
0 659 719
0 811 613
1 807 744
1 7 16
0 437 711
0 54 659
1 452 448
0 54 421
0 200 692
0 43 560
0 299 409
0 305 824
0 447 616
0 134 629
0 223 587
0 460 365
0 819 719
0 440 639
0 233 197
0 301 407
0 182 911
0 239 270
0 783 902
0 139 13
0 930 747
0 501 192
0 319 376
1 500 517
0 713 716
0 97 859
0 397 49
0 381 755
0 673 460
0 468 161
1 362 717
0 180 761
0 266 522
0 468 663
0 875 518
0 794 472
0 530 843
0 778 654
0 770 360
0 90 396
0 882 243
0 292 202
0 150 625
0 435 376
0 189 316
0 638 138
0 618 357
0 854 119
0 311 239
0 269 50
0 640 723
0 419 303
0 529 134
0 630 514
1 619 661
1 353 57
0 435 13
0 320 127
0 29 808
0 470 645
0 351 408
0 604 756
0 106 666
0 31 260
1 125 388
0 398 643
0 125 482
0 801 795
1 91 886
0 358 696
0 629 285
0 158 826
0 717 623
0 883 228
1 540 276
1 633 383
0 928 533
0 254 607
0 735 799
0 521 629
0 341 627
0 337 510
0 327 407
0 23 809
0 658 394
1 100 168
0 215 623
0 103 319
0 814 472
0 140 94
0 307 393
0 284 143
1 113 436
1 271 418
1 794 628
0 55 305
0 622 317
0 12 695
0 793 540
1 553 126
0 762 319
0 904 218
0 40 6
0 223 791
0 308 752
0 244 120
0 652 615
0 811 696
0 197 393
0 380 890
0 288 206
0 866 386
0 322 571
0 812 119
0 91 29
0 136 495
0 398 298
0 377 52
0 923 116
0 113 367
0 844 32
0 672 224
0 400 415
0 247 42
0 87 539
0 508 729
0 338 467
0 60 84
1 388 317
0 293 178
0 197 762
0 664 707
0 463 684
1 370 834
0 889 39
0 132 649
0 64 730
0 203 549
1 333 861
0 568 572
0 123 164
0 69 717
0 419 47
0 826 403
1 273 744
1 494 419
0 220 421
0 243 329
0 718 121
0 917 251
0 657 715
1 82 862
0 800 786
1 835 723
0 786 453
0 658 701
0 530 886
0 527 637
0 733 425
0 135 265
0 924 630
0 681 121
0 915 472
0 810 420
0 127 855
0 830 396
0 437 84
0 115 731
1 476 821
0 728 680
0 299 47
0 898 231
0 69 208
0 727 10
0 548 875
0 325 878
0 261 321
0 760 376
1 217 824
0 832 829
0 233 651
0 121 679
0 571 93
0 204 231
0 534 871
1 59 362
0 928 25
0 832 606
0 611 893
0 222 401
0 707 474
1 730 798
0 408 436
0 689 2
0 110 507
0 587 524
0 609 662
0 142 319
0 68 820
0 625 737
0 748 919
0 372 122
0 176 239
0 19 274
0 896 425
0 909 99
0 345 915
0 384 806
0 482 360
1 525 239
0 772 85
0 399 216
0 206 81
0 847 307
0 756 175
0 500 513
1 654 719
0 206 894
1 354 80
0 600 606
1 396 603
0 473 382
1 205 503
1 906 517
0 361 742
0 110 911
0 398 719
0 104 572
1 780 164
0 851 684
0 832 648
0 799 167
0 32 81
0 711 719
0 848 744
0 13 623
0 634 372
0 847 861
1 93 311
0 452 157
0 635 138
0 407 536
0 114 904
0 492 334
1 91 694
0 389 286
0 277 33
1 106 81
9
0 2 4 5 17 30 49 57 77