486717
1482 1704 1554 1870 1223
99
259
0 0
0 1
0 2
0 3
0 4
1 3
2 3
3 0
3 1
3 4
4 1
4 3
5 0
5 1
5 2
6 0
6 1
6 2
6 3
6 4
7 0
7 1
7 2
7 3
8 1
8 2
8 4
9 0
9 1
9 2
9 3
10 0
10 4
11 0
11 1
11 4
12 1
13 1
13 2
13 3
13 4
14 0
14 2
14 4
15 0
15 2
15 3
15 4
16 0
16 2
16 3
16 4
17 2
17 4
18 2
18 4
19 0
19 1
19 2
19 3
20 0
20 1
20 2
20 4
21 2
22 0
22 1
22 2
22 3
22 4
23 0
23 2
24 1
24 2
24 3
25 4
26 0
26 2
26 4
27 2
27 3
27 4
28 0
28 1
28 4
29 0
29 1
29 2
30 1
31 0
31 1
31 2
31 4
32 1
32 2
32 3
32 4
33 2
33 4
34 1
34 2
34 3
34 4
35 0
35 2
36 1
36 2
36 3
37 0
37 2
37 4
38 0
38 2
39 1
39 4
40 2
40 3
41 2
42 2
42 3
43 1
43 2
43 3
44 1
44 4
45 0
45 3
46 0
46 4
47 0
47 1
47 2
47 4
48 1
49 1
49 2
49 4
50 0
50 1
50 4
51 0
51 1
51 2
51 4
52 0
52 2
52 3
52 4
53 2
54 0
54 2
55 4
56 0
56 1
57 0
57 2
57 4
58 0
58 1
58 4
59 0
59 2
60 2
60 4
61 0
61 1
61 3
62 0
62 1
62 3
63 0
63 1
64 1
64 4
65 0
65 3
66 0
66 1
66 2
66 4
67 2
67 3
67 4
68 0
68 1
69 1
70 0
70 3
70 4
71 0
71 2
71 3
72 1
73 1
73 2
73 3
74 2
75 1
76 2
77 1
77 2
77 3
78 1
79 1
79 3
79 4
80 0
80 1
80 2
80 3
81 1
81 2
81 3
82 1
82 2
83 0
83 1
83 2
84 0
85 1
85 2
85 3
86 1
86 3
86 4
87 0
87 2
88 0
88 3
88 4
89 1
89 2
89 3
90 0
90 2
90 3
90 4
91 0
91 2
91 4
92 1
92 3
92 4
93 0
93 1
93 3
93 4
94 0
94 1
94 2
94 3
95 2
95 4
96 0
96 2
96 4
97 1
98 0
98 4
5
63
100
0 0 7116 1 0 0
0 1 7642 0 0 1
0 2 6562 1 0 0
0 3 5545 0 1 0
0 4 9744 0 1 0
0 5 8798 0 1 1
0 6 5239 0 1 0
0 7 6179 0 1 0
0 8 5388 0 1 1
0 9 5000 1 0 1
0 10 9825 1 1 0
0 11 8500 0 0 1
0 12 4668 1 0 1
0 13 9112 1 1 0
0 14 6976 0 0 1
0 15 8668 0 1 1
0 16 7218 0 0 1
0 17 9290 0 1 0
0 18 5720 1 0 0
0 19 9685 1 0 0
0 20 4151 0 1 1
0 21 7169 1 0 0
0 22 7922 1 1 0
0 23 9999 0 1 0
0 24 6912 1 0 1
0 25 5387 1 0 1
0 26 6598 0 0 1
0 27 5066 0 0 1
0 28 2436 1 0 1
0 29 3477 0 0 1
0 30 6323 1 1 0
0 31 9956 1 0 0
0 32 6061 1 0 1
0 33 9708 1 0 1
0 34 8878 0 1 0
0 35 9912 1 0 0
0 36 9663 0 1 1
0 37 9109 1 1 0
0 38 4865 0 1 0
0 39 9768 1 1 0
0 40 9536 0 0 1
0 41 9648 1 0 1
0 42 7150 1 0 0
0 43 8270 1 1 0
0 44 7774 0 1 1
0 45 4473 1 1 0
0 46 5707 1 1 0
0 47 934 1 0 0
0 48 3904 1 0 1
0 49 7830 0 1 0
0 50 8391 0 1 0
0 51 8198 0 1 0
0 52 8908 1 0 1
0 53 9363 1 0 0
0 54 3810 0 1 1
0 55 8783 0 0 1
0 56 5699 1 0 1
0 57 9716 1 0 1
0 58 7702 0 1 0
0 59 7738 1 0 0
0 60 9836 1 0 1
0 61 6295 0 1 1
0 62 3848 1 0 0
0 63 7474 1 1 0
0 64 9986 0 1 1
0 65 9973 1 0 1
0 66 9128 0 1 1
0 67 9201 0 1 0
0 68 3093 0 0 1
0 69 6041 0 1 0
1 70 7233 1 0 0
0 71 9648 1 0 1
0 93 9211 1 0 1
0 14 9104 0 0 1
0 74 9669 1 0 0
0 75 7510 1 1 0
0 76 5921 0 1 1
0 77 8127 0 0 1
0 78 7807 0 0 1
0 23 4382 1 0 1
1 80 7794 0 1 1
0 81 4611 1 0 1
0 82 8586 0 1 1
0 83 5719 0 1 0
0 84 9315 0 1 1
0 85 7520 0 1 1
0 86 9274 0 1 0
1 87 7793 1 0 1
0 88 8450 1 0 0
0 89 9220 1 0 1
0 90 7250 1 0 0
0 91 8674 0 1 0
0 67 4348 0 1 1
1 93 1991 0 0 1
0 94 6158 1 0 0
0 95 7046 0 1 0
0 96 9191 1 0 0
1 97 6115 1 0 1
0 98 8970 0 0 1
0 14 1683 1 1 0
906
1 3877954 0 148272 0 0
0 87485917 284010428 0 0 0
0 23620573 493730411 0 0 0
1 64943760 0 3895847 0 0
2 0 0 0 18461258 56088191
2 0 0 0 50251711 12617961
2 0 0 0 83682030 59760427
1 105998608 0 3870419 0 0
0 77779585 13871786 0 0 0
1 28747393 0 598711 0 0
2 0 0 0 1637545 4984043
2 0 0 0 26737057 96461109
2 0 0 0 49760337 5746205
2 0 0 0 19071241 9737801
1 67849625 0 6399485 0 0
2 0 0 0 5250106 78357355
0 8815504 25555563 0 0 0
2 0 0 0 51301154 7795058
2 0 0 0 3236939 7767721
0 86868300 1125463 0 0 0
1 192945399 0 28426736 0 0
2 0 0 0 41314569 1806031
2 0 0 0 14029438 73459886
2 0 0 0 8957262 134076834
0 62766535 1880580 0 0 0
1 377759 0 175380526 0 0
2 0 0 0 13383611 145594163
1 24385461 0 46559829 0 0
1 57336784 0 4488878 0 0
2 0 0 0 25473947 16960731
2 0 0 0 87548189 24328708
2 0 0 0 36300784 145328592
1 110215365 0 265837 0 0
0 5541375 87540904 0 0 0
0 39028111 157324551 0 0 0
1 11666102 0 42556281 0 0
0 15342261 2976299 0 0 0
0 971960 595118 0 0 0
2 0 0 0 187751994 8915867
0 29746669 2047743 0 0 0
0 301741 81694647 0 0 0
0 611715583 21349425 0 0 0
0 26595390 144882018 0 0 0
2 0 0 0 7291008 236841916
2 0 0 0 10456303 12643178
2 0 0 0 69122067 83683762
1 124411689 0 71331213 0 0
1 27996899 0 11853825 0 0
0 50239847 359725254 0 0 0
0 10646414 162795143 0 0 0
0 81987054 1078151 0 0 0
1 125743807 0 14582122 0 0
2 0 0 0 85711221 30653292
1 26620205 0 153088400 0 0
1 26187582 0 2228672 0 0
0 876361 66532924 0 0 0
1 153833902 0 18030916 0 0
2 0 0 0 53079705 5776396
0 30459898 2916616 0 0 0
0 49313796 123909806 0 0 0
0 10977706 181362224 0 0 0
0 50117683 57109872 0 0 0
0 53853494 83447248 0 0 0
0 96227315 4156347 0 0 0
2 0 0 0 262998472 24747810
2 0 0 0 71240481 12504481
2 0 0 0 2772925 90942560
0 308989259 84767633 0 0 0
1 27493920 0 32703639 0 0
2 0 0 0 29682529 57633788
1 20905727 0 137622050 0 0
1 117179880 0 21926189 0 0
2 0 0 0 63472715 78482247
0 5852240 12319286 0 0 0
0 182244850 102868804 0 0 0
2 0 0 0 493215 270328760
1 369006388 0 10929586 0 0
0 11798655 1617838 0 0 0
1 39133218 0 458648485 0 0
1 201926141 0 102046923 0 0
1 12715492 0 3331048 0 0
0 4417554 43185035 0 0 0
2 0 0 0 104265024 55516765
0 3517421 86138086 0 0 0
0 15439632 914412 0 0 0
0 101101282 115550129 0 0 0
1 38634 0 1473094 0 0
2 0 0 0 271192687 8071052
0 2871 1015321 0 0 0
2 0 0 0 1494750 73797380
1 39872787 0 410356 0 0
1 2339570 0 2799055 0 0
1 24554193 0 240877889 0 0
0 23797542 760970 0 0 0
2 0 0 0 149166799 51096651
2 0 0 0 180107346 220606
1 9371312 0 1729 0 0
2 0 0 0 7396936 658884115
2 0 0 0 1917930 155902628
1 197083031 0 133798439 0 0
2 0 0 0 38632455 46275281
0 28537455 42237533 0 0 0
2 0 0 0 107227072 85399105
1 7617526 0 25056149 0 0
2 0 0 0 192802908 4851137
0 143368494 1556718 0 0 0
2 0 0 0 52961 5722496
1 120074561 0 89015107 0 0
2 0 0 0 883209 2462927
1 77111289 0 4699180 0 0
1 188098519 0 170702179 0 0
2 0 0 0 216580096 25180309
0 7598583 3142521 0 0 0
2 0 0 0 8451954 70666305
2 0 0 0 7676684 14620806
1 27965442 0 192331943 0 0
1 18875936 0 16950187 0 0
0 4228761 26536537 0 0 0
1 161889918 0 11700177 0 0
0 2535432 52522416 0 0 0
2 0 0 0 9598628 1636824
1 3346580 0 954958 0 0
2 0 0 0 391468 1520010
1 150596351 0 197681818 0 0
0 157663187 1041793 0 0 0
1 15418842 0 43879129 0 0
1 89530407 0 1113004 0 0
2 0 0 0 1266999 60242736
2 0 0 0 7480293 5927311
2 0 0 0 148145 82513082
0 141153 95801616 0 0 0
2 0 0 0 42571264 2292801
0 5262455 62487511 0 0 0
1 56735261 0 34130095 0 0
2 0 0 0 82397561 1569236
1 15903192 0 29639827 0 0
2 0 0 0 961215 7055971
2 0 0 0 50536982 153106459
1 68000434 0 240469282 0 0
1 35813249 0 74201465 0 0
2 0 0 0 29621200 225681208
2 0 0 0 197249886 35091628
2 0 0 0 172970190 15784097
2 0 0 0 48412724 24391933
1 18170904 0 3188171 0 0
2 0 0 0 67802893 4004444
1 44607515 0 5091226 0 0
0 136451843 60676469 0 0 0
2 0 0 0 44618722 28368347
0 286899486 3313747 0 0 0
2 0 0 0 15075095 1435850
0 887027 17780311 0 0 0
2 0 0 0 3464253 102093718
0 62012719 127372699 0 0 0
0 265475108 12153292 0 0 0
1 20937278 0 97499909 0 0
1 236429423 0 49774269 0 0
2 0 0 0 50699146 12900807
2 0 0 0 248313651 21917435
0 20129472 54454105 0 0 0
1 141177584 0 1532142 0 0
2 0 0 0 301542612 16481845
1 15734887 0 48171843 0 0
1 347983183 0 156727 0 0
2 0 0 0 36728 10592556
1 87113920 0 16384302 0 0
2 0 0 0 258740477 30623215
0 209562467 45019315 0 0 0
0 34903422 58533120 0 0 0
2 0 0 0 15783442 20197984
2 0 0 0 49172272 50662739
2 0 0 0 102026036 22800639
2 0 0 0 330144972 177791047
0 20731198 277992550 0 0 0
0 67495195 20967661 0 0 0
0 4073301 177092161 0 0 0
1 41258768 0 26249486 0 0
2 0 0 0 1314980 12377558
1 13845 0 33436511 0 0
1 199340 0 1660679 0 0
2 0 0 0 23426426 406923603
2 0 0 0 378859432 22960510
0 1608734 425376 0 0 0
0 66172516 59815822 0 0 0
1 11243332 0 304692891 0 0
2 0 0 0 62653815 2604570
1 122418128 0 13854420 0 0
1 22988931 0 134931800 0 0
0 69265186 787654 0 0 0
2 0 0 0 394981 3654874
1 102353788 0 30349717 0 0
1 1421877 0 124280049 0 0
2 0 0 0 67505937 23486281
0 497179 225505024 0 0 0
2 0 0 0 180484579 220945277
1 158344741 0 56968786 0 0
2 0 0 0 157832687 1801422
2 0 0 0 72519858 111158717
2 0 0 0 145296421 16181604
2 0 0 0 24800589 68283910
0 4328803 136037217 0 0 0
0 44155065 251969823 0 0 0
2 0 0 0 114955688 1222974
2 0 0 0 8742340 3355120
2 0 0 0 61316405 63743331
0 82302251 1002463 0 0 0
2 0 0 0 30357011 8808474
1 205014822 0 113415232 0 0
0 107829 235966193 0 0 0
2 0 0 0 28972841 18601518
1 565412403 0 1100563 0 0
1 58877403 0 20296659 0 0
0 2809157 61367702 0 0 0
1 56264332 0 126417348 0 0
2 0 0 0 458402273 1715903
2 0 0 0 29834647 6648772
1 36065523 0 2103130 0 0
0 14619238 159244153 0 0 0
2 0 0 0 25427679 367780427
0 239066323 58411546 0 0 0
0 3332363 115320012 0 0 0
0 74166721 294567 0 0 0
0 37683674 34139153 0 0 0
1 258311 0 54966190 0 0
0 1996527 92305019 0 0 0
1 2117394 0 5125268 0 0
2 0 0 0 16146075 14608163
2 0 0 0 76513783 204558669
0 119981030 3112444 0 0 0
0 32181237 128467441 0 0 0
2 0 0 0 184267364 279271891
1 211717710 0 136080437 0 0
0 5104457 47926872 0 0 0
2 0 0 0 46153885 40765973
0 81486049 140679549 0 0 0
1 41198175 0 10826973 0 0
1 13676431 0 8395730 0 0
1 5643694 0 5053520 0 0
0 27581921 68527231 0 0 0
0 22586746 86669712 0 0 0
2 0 0 0 2723173 9768722
1 2190357 0 217588009 0 0
0 17374094 67505002 0 0 0
1 1523970 0 1498806 0 0
2 0 0 0 23535920 1418752
1 121771919 0 273673099 0 0
1 248672025 0 161129764 0 0
0 16130124 5837283 0 0 0
1 4281410 0 3430048 0 0
2 0 0 0 111620590 4675107
2 0 0 0 45730591 8021969
0 1407310 124477334 0 0 0
2 0 0 0 984548 22972
0 85842388 216902017 0 0 0
0 90315756 271104094 0 0 0
2 0 0 0 5336528 5794939
2 0 0 0 39752074 1731210
1 12032383 0 6996896 0 0
0 16959188 119645134 0 0 0
0 28816424 238410083 0 0 0
2 0 0 0 33314658 50542712
2 0 0 0 2722867 12091678
0 35315177 42773006 0 0 0
2 0 0 0 329617179 130688951
0 51943930 12961174 0 0 0
2 0 0 0 10567341 19390211
1 2413157 0 25382891 0 0
0 4955087 158483256 0 0 0
1 105335056 0 288269068 0 0
2 0 0 0 124349174 6145534
1 73890271 0 901493 0 0
0 11188911 18551703 0 0 0
0 158761200 2428350 0 0 0
0 18804787 42197026 0 0 0
0 5957479 14981475 0 0 0
2 0 0 0 24012552 52337767
0 1117078 8456389 0 0 0
1 1887166 0 13194857 0 0
1 7301291 0 5056256 0 0
2 0 0 0 7127213 31603923
2 0 0 0 313820952 9671195
0 138260926 5057480 0 0 0
0 4537842 39851417 0 0 0
0 1147645 347454 0 0 0
1 158088753 0 17165942 0 0
1 77574273 0 7105108 0 0
1 21218 0 17121703 0 0
0 229189401 40756125 0 0 0
0 2356716 23606336 0 0 0
2 0 0 0 304085402 3790141
2 0 0 0 48432069 1040725
1 26342023 0 17590394 0 0
0 80285277 64733087 0 0 0
2 0 0 0 8986721 1639883
2 0 0 0 160375 132748139
2 0 0 0 7976243 17309299
0 37118727 163058830 0 0 0
2 0 0 0 31323526 153136091
2 0 0 0 115396594 34564579
0 190113521 33385 0 0 0
1 18856656 0 27590110 0 0
1 34411469 0 944239 0 0
0 172350208 5559954 0 0 0
2 0 0 0 54345892 107658009
0 80104507 9309825 0 0 0
1 173247859 0 315251437 0 0
0 18997775 542657981 0 0 0
0 25622096 31431437 0 0 0
0 17219996 41748955 0 0 0
0 14502888 138386598 0 0 0
1 32278207 0 207269487 0 0
0 125016000 3242496 0 0 0
2 0 0 0 292233 10782967
0 23845902 60227702 0 0 0
2 0 0 0 210123354 59209582
1 27512040 0 13187744 0 0
0 6904988 69393870 0 0 0
1 36550132 0 401359405 0 0
2 0 0 0 40881125 12509121
2 0 0 0 35527318 34556285
1 152163722 0 5279044 0 0
0 119453420 3691897 0 0 0
2 0 0 0 2771915 58282609
0 137196665 21027578 0 0 0
0 28121764 106493282 0 0 0
1 96248905 0 21448927 0 0
1 4778578 0 3427611 0 0
2 0 0 0 1533884 34837692
0 47644532 27590969 0 0 0
1 230571910 0 1924784 0 0
0 824999 719381 0 0 0
1 1278477 0 20475560 0 0
0 90631 66975999 0 0 0
1 97952 0 10447389 0 0
0 56032157 74220999 0 0 0
2 0 0 0 9118854 38312392
0 79195693 13629489 0 0 0
0 61678853 69150636 0 0 0
0 158061228 24868600 0 0 0
1 39668194 0 1330447 0 0
0 180819803 211884923 0 0 0
0 317092645 153391543 0 0 0
2 0 0 0 54433048 7749130
2 0 0 0 304879667 204661892
0 49503015 8514281 0 0 0
1 4043240 0 23575347 0 0
2 0 0 0 5787468 37251384
2 0 0 0 558320 98189691
1 4755350 0 94504113 0 0
2 0 0 0 638804 871725
0 4650822 104006651 0 0 0
2 0 0 0 55236031 195037080
0 28930528 1954658 0 0 0
0 99909 79571959 0 0 0
1 350782939 0 12786648 0 0
0 413979 648853 0 0 0
0 106302344 83185 0 0 0
2 0 0 0 11410520 74026047
1 77502011 0 231998702 0 0
1 171923743 0 377180 0 0
2 0 0 0 18053545 200339367
1 108719357 0 9384024 0 0
1 10418449 0 78619168 0 0
2 0 0 0 8770633 6803485
1 229600977 0 15487510 0 0
1 32668860 0 353930826 0 0
2 0 0 0 39761773 218434
0 88441433 6409032 0 0 0
1 735445 0 1147701 0 0
2 0 0 0 39907327 459583
0 16921421 111816280 0 0 0
1 12444 0 7312519 0 0
1 9836849 0 205472 0 0
2 0 0 0 470926211 2094878
0 30643135 648731 0 0 0
2 0 0 0 413624 6829297
0 1892868 34095912 0 0 0
1 114027075 0 62101945 0 0
0 9773832 210554529 0 0 0
0 1703792 8991104 0 0 0
0 9283143 33050591 0 0 0
2 0 0 0 5099651 119460458
2 0 0 0 33031595 23051893
2 0 0 0 2742909 11140264
2 0 0 0 151012709 31174073
1 7275465 0 74500029 0 0
1 21333095 0 23667187 0 0
2 0 0 0 32185085 118132224
1 299406838 0 5300841 0 0
2 0 0 0 38571843 1244333
1 381569741 0 107554025 0 0
2 0 0 0 249117730 38034816
1 723867 0 20898477 0 0
2 0 0 0 61807049 39412
1 10911846 0 33088746 0 0
0 20999512 14974648 0 0 0
1 5673458 0 130169548 0 0
0 90095543 199010932 0 0 0
1 113412887 0 4908246 0 0
1 4616164 0 14185937 0 0
2 0 0 0 256891 2890216
0 45657120 24402883 0 0 0
0 7896511 7033901 0 0 0
0 272480610 13937524 0 0 0
1 43362890 0 70832162 0 0
0 3589405 13325110 0 0 0
0 146722681 4277221 0 0 0
1 101310499 0 4986366 0 0
1 7079847 0 147493358 0 0
0 23803621 290080290 0 0 0
1 9555127 0 35157185 0 0
2 0 0 0 131859818 46615182
0 109274509 372997200 0 0 0
2 0 0 0 14134605 7769208
0 11035201 41474802 0 0 0
0 25616935 90774830 0 0 0
1 6609695 0 712291 0 0
1 102331863 0 2458526 0 0
1 133617829 0 8865119 0 0
2 0 0 0 39325927 19607435
0 141165226 14667610 0 0 0
2 0 0 0 1745922 17575530
1 68294894 0 10038711 0 0
2 0 0 0 127713118 35002408
0 86224180 507338886 0 0 0
2 0 0 0 2446156 50622758
1 41001950 0 27646015 0 0
2 0 0 0 58558300 1178347
2 0 0 0 198834398 59247783
0 306509824 11301670 0 0 0
0 178243 39581700 0 0 0
2 0 0 0 6307589 3247650
2 0 0 0 5989030 14938356
1 250940029 0 58156 0 0
2 0 0 0 182928586 12877892
2 0 0 0 327986297 8457807
1 2160255 0 649477 0 0
2 0 0 0 43620034 18007893
0 159442680 19989205 0 0 0
0 1366683 242112832 0 0 0
0 4915351 1626058 0 0 0
2 0 0 0 1673405 3385976
2 0 0 0 127079235 15967399
0 24612623 2282256 0 0 0
1 70136616 0 21380464 0 0
1 111492033 0 901617 0 0
2 0 0 0 13660660 60964646
0 53593782 3429125 0 0 0
1 19233214 0 177704347 0 0
1 7295215 0 44371530 0 0
1 67960353 0 6362079 0 0
1 128300 0 4698032 0 0
2 0 0 0 6608099 83694097
0 9929678 49133163 0 0 0
0 178711709 27412152 0 0 0
2 0 0 0 13044832 101633032
1 12048943 0 137559 0 0
2 0 0 0 87164311 699558
0 124233106 30032901 0 0 0
1 7738670 0 2567573 0 0
0 19998845 3181831 0 0 0
1 478599 0 86565453 0 0
0 17043097 2893239 0 0 0
1 15622298 0 226088266 0 0
0 17898268 2833133 0 0 0
0 8542237 75359877 0 0 0
0 10352477 67813387 0 0 0
0 34045096 1502286 0 0 0
0 392617 81981657 0 0 0
0 16240251 2818011 0 0 0
2 0 0 0 28378705 110436
1 10526555 0 1033227 0 0
0 17820523 9149030 0 0 0
0 62200344 39208684 0 0 0
0 57130397 85043458 0 0 0
2 0 0 0 332591571 1496999
2 0 0 0 154480260 1315081
0 20016561 365429 0 0 0
1 21474051 0 2193467 0 0
1 17960118 0 4545794 0 0
0 16526823 11155641 0 0 0
1 26356551 0 3003052 0 0
0 23027187 246241429 0 0 0
0 326967 3658370 0 0 0
0 2880425 100790977 0 0 0
1 65063644 0 8697093 0 0
1 5799259 0 5381108 0 0
2 0 0 0 500321 4745819
2 0 0 0 6106276 146881506
0 4986055 854488 0 0 0
0 3243163 350377957 0 0 0
1 36294281 0 210357617 0 0
2 0 0 0 43330919 43691901
0 11273807 19370476 0 0 0
2 0 0 0 8196154 13559
0 64252964 47344397 0 0 0
1 40113282 0 101728077 0 0
0 268309935 70840029 0 0 0
2 0 0 0 2890214 83047086
1 16268515 0 4952939 0 0
1 21780167 0 103581907 0 0
2 0 0 0 31045226 6766722
1 21231093 0 55308205 0 0
0 98558093 24003576 0 0 0
2 0 0 0 23498036 531064
1 2325562 0 11087129 0 0
1 196205818 0 204418090 0 0
1 142145770 0 2711546 0 0
1 12437113 0 12988812 0 0
1 202527388 0 1048092 0 0
2 0 0 0 22297151 56124717
2 0 0 0 567329213 14523618
0 70705186 41272766 0 0 0
0 601742 50286634 0 0 0
2 0 0 0 8992457 14917921
0 16271429 279774 0 0 0
2 0 0 0 1113433 43203959
1 888142 0 414462 0 0
2 0 0 0 64696615 41643699
1 28979366 0 121536821 0 0
2 0 0 0 842589 206046017
2 0 0 0 39481296 13420007
0 59052788 37664430 0 0 0
2 0 0 0 36500000 9026364
2 0 0 0 37680513 91533984
1 109573726 0 32613312 0 0
0 89968940 60817515 0 0 0
0 160849538 13973828 0 0 0
2 0 0 0 151554765 105401795
0 6131926 83437780 0 0 0
1 2503540 0 9900355 0 0
1 4483550 0 42065471 0 0
0 4213090 1707014 0 0 0
1 49658 0 34433126 0 0
1 8358412 0 191093 0 0
1 5578223 0 21072122 0 0
1 63365957 0 52062539 0 0
1 11494023 0 11893 0 0
2 0 0 0 4657377 93731365
1 183696644 0 26098 0 0
0 843687 82166364 0 0 0
2 0 0 0 32395806 56084259
2 0 0 0 47431320 1320728
0 4014665 7790487 0 0 0
1 3127908 0 124553758 0 0
1 22397 0 49383735 0 0
1 22368953 0 6138269 0 0
2 0 0 0 81664012 783095
0 2507 66483822 0 0 0
2 0 0 0 266734694 11136288
2 0 0 0 1582500 14034569
0 75701137 24824782 0 0 0
0 182293 31665853 0 0 0
2 0 0 0 1182521 87453118
2 0 0 0 28770840 97036480
1 626464 0 10493641 0 0
0 4486155 249672 0 0 0
0 18841507 78915531 0 0 0
1 35531657 0 38603758 0 0
2 0 0 0 69709431 26415453
2 0 0 0 72934084 4420104
0 65020393 25330380 0 0 0
2 0 0 0 90284786 32306543
0 48508704 345294222 0 0 0
0 40159704 6157414 0 0 0
1 8996781 0 289790164 0 0
2 0 0 0 16279451 84094687
0 33171258 26550116 0 0 0
1 17090140 0 3114894 0 0
1 9412190 0 237303706 0 0
1 12143202 0 144202 0 0
2 0 0 0 16316926 18151518
0 1360353 351364185 0 0 0
0 86426828 576752950 0 0 0
0 119903428 20192912 0 0 0
0 28487904 56112774 0 0 0
1 189256 0 73670924 0 0
1 3143061 0 20725727 0 0
1 11504065 0 13407503 0 0
1 85361978 0 6841505 0 0
0 61798642 112892223 0 0 0
0 54863799 65220101 0 0 0
0 36617940 142968151 0 0 0
0 12103772 2364817 0 0 0
0 3599614 17632138 0 0 0
2 0 0 0 107944570 12593620
1 114560849 0 10475118 0 0
2 0 0 0 12856080 263397
2 0 0 0 19316328 28701934
1 16876175 0 87674942 0 0
2 0 0 0 235991417 119961365
1 74366553 0 29745949 0 0
1 40206922 0 9138642 0 0
0 69680185 4541717 0 0 0
1 299983736 0 7373792 0 0
1 87698412 0 1849317 0 0
1 1268281 0 12136815 0 0
1 102611153 0 109649765 0 0
0 27126984 45277583 0 0 0
2 0 0 0 1231985 83171939
2 0 0 0 596969 12596378
2 0 0 0 63525727 58832319
2 0 0 0 3795784 18821446
1 29903643 0 134989057 0 0
2 0 0 0 29230775 4970
0 176826695 6405234 0 0 0
2 0 0 0 302437820 14298310
1 63128533 0 62146506 0 0
0 1257266 1382749 0 0 0
2 0 0 0 12034185 23867984
0 11436146 615464727 0 0 0
1 10684724 0 237949965 0 0
1 66428810 0 77051082 0 0
1 365721893 0 434421744 0 0
1 14919771 0 18733848 0 0
0 12608148 1653495 0 0 0
2 0 0 0 1099064 28171228
1 13131129 0 219281576 0 0
0 32331131 84664650 0 0 0
2 0 0 0 17188133 15559719
1 51697342 0 775982 0 0
2 0 0 0 235169181 371531331
0 8117421 43867826 0 0 0
0 74597897 3967590 0 0 0
2 0 0 0 8708912 16180566
2 0 0 0 165273106 24838640
2 0 0 0 35039942 3589689
2 0 0 0 73495131 1088
1 132319596 0 57654 0 0
1 129601066 0 40543673 0 0
1 179647945 0 364834754 0 0
1 66953646 0 33826038 0 0
2 0 0 0 118368651 10517133
1 3236476 0 52113415 0 0
0 45585303 4249417 0 0 0
2 0 0 0 17179741 134833723
1 743383 0 2640876 0 0
1 62764483 0 40383849 0 0
2 0 0 0 100697878 259932808
2 0 0 0 2991884 11555272
2 0 0 0 61154769 3619612
1 20023678 0 1591779 0 0
1 108125039 0 59931378 0 0
2 0 0 0 2097 6886306
0 5680464 9423700 0 0 0
0 316040 7205899 0 0 0
2 0 0 0 2125636 374709131
1 7760220 0 19422 0 0
0 16417058 31388793 0 0 0
0 241840 22906908 0 0 0
2 0 0 0 41131643 89529064
2 0 0 0 3159802 50382100
0 615135 4396661 0 0 0
0 2369536 23396040 0 0 0
1 4473447 0 10620796 0 0
1 39174006 0 130350750 0 0
0 122794682 154534949 0 0 0
2 0 0 0 284381 10121650
1 3381902 0 52767895 0 0
2 0 0 0 1053731 33267587
2 0 0 0 1511744 17016645
0 14268691 131164911 0 0 0
1 622922 0 3991801 0 0
0 14867566 61054509 0 0 0
2 0 0 0 23910141 31136909
0 18024265 353075 0 0 0
1 133610344 0 156422948 0 0
2 0 0 0 56911213 6009577
1 429622023 0 117939150 0 0
0 119820827 395967188 0 0 0
2 0 0 0 10428685 6114395
1 483237 0 25549000 0 0
0 22472568 953634 0 0 0
0 12349588 21958914 0 0 0
2 0 0 0 18441093 1356363
0 40199979 110549061 0 0 0
2 0 0 0 96895034 30969003
2 0 0 0 7763637 47168623
1 46598389 0 60275286 0 0
2 0 0 0 29400957 1127405
1 460778 0 1699990 0 0
2 0 0 0 1795762 566919071
0 284596619 156579190 0 0 0
2 0 0 0 81175767 12278088
2 0 0 0 13454859 47429527
0 326048 71286877 0 0 0
0 27880339 328551332 0 0 0
0 61493611 21496790 0 0 0
0 38487495 61899969 0 0 0
2 0 0 0 932571 15680551
1 32700051 0 1608458 0 0
0 644924 163041436 0 0 0
0 233924257 210282446 0 0 0
2 0 0 0 335564 65065375
1 145685141 0 29692256 0 0
1 392583050 0 39680152 0 0
1 166665781 0 176290908 0 0
1 49645890 0 28916435 0 0
1 164999640 0 6808619 0 0
1 15445307 0 178838003 0 0
2 0 0 0 714895 220357753
1 1107585 0 59653137 0 0
2 0 0 0 5717920 10084104
2 0 0 0 3536102 18565108
2 0 0 0 3184260 158760936
0 37737671 70535273 0 0 0
0 84189022 287226 0 0 0
0 64050490 48084509 0 0 0
0 77676560 768575 0 0 0
1 61742551 0 577963540 0 0
2 0 0 0 107666111 20754765
2 0 0 0 2511878 45940632
1 30974297 0 6878077 0 0
1 35998814 0 2290143 0 0
0 13141838 326743925 0 0 0
0 228434022 172400045 0 0 0
2 0 0 0 5461046 113636
1 570773559 0 43558565 0 0
2 0 0 0 256068060 106782295
0 672462 303141 0 0 0
2 0 0 0 3791537 151858934
2 0 0 0 62905456 14784392
1 103729205 0 63050936 0 0
0 48259040 1392475 0 0 0
0 4061616 179194364 0 0 0
2 0 0 0 102726119 663501
1 302777270 0 93006314 0 0
0 102055526 97301 0 0 0
0 10113617 1418735 0 0 0
0 12913072 837599 0 0 0
2 0 0 0 98878181 2477969
2 0 0 0 30212820 91050028
0 36591878 10708717 0 0 0
1 11961949 0 99664848 0 0
0 21945789 649392 0 0 0
2 0 0 0 5507931 2481432
1 5890879 0 51639127 0 0
0 3679343 106785100 0 0 0
1 3903228 0 131191074 0 0
1 42207312 0 118364581 0 0
0 574984 4066097 0 0 0
1 3559631 0 33178087 0 0
2 0 0 0 108709770 38527
2 0 0 0 21498093 28480245
0 166202040 113175219 0 0 0
0 161666039 89379655 0 0 0
0 544269 7870198 0 0 0
1 152942460 0 19260124 0 0
0 1410845 1650547 0 0 0
0 1259013 19593379 0 0 0
0 3558611 1715413 0 0 0
0 19653523 18175123 0 0 0
1 95643593 0 23872198 0 0
2 0 0 0 33318960 1250334
0 12628660 17438403 0 0 0
1 64220176 0 79446834 0 0
0 13200434 120178876 0 0 0
2 0 0 0 36563512 3021717
1 112562649 0 3933265 0 0
1 18627175 0 53003617 0 0
0 209878629 3753661 0 0 0
0 8250740 36272333 0 0 0
0 23960355 127473852 0 0 0
1 9596613 0 218839840 0 0
2 0 0 0 7848896 26453599
2 0 0 0 13075558 36436119
0 133543 25250792 0 0 0
0 200497068 8979585 0 0 0
1 255212072 0 7983734 0 0
0 125266238 208157509 0 0 0
2 0 0 0 34815944 479452
2 0 0 0 33625147 10406765
1 93377824 0 377806635 0 0
2 0 0 0 6184362 1371999
2 0 0 0 1819310 158820421
0 253349995 375665592 0 0 0
0 193742720 1945534 0 0 0
1 9648257 0 48486692 0 0
2 0 0 0 4593989 139062408
0 76177929 85256682 0 0 0
1 697840 0 57339266 0 0
0 30451 15633702 0 0 0
1 9640314 0 15081218 0 0
1 8256015 0 5452065 0 0
2 0 0 0 29438283 261459801
0 10454414 1389497 0 0 0
0 192133902 28548413 0 0 0
0 210368068 49870956 0 0 0
1 101960852 0 182001102 0 0
0 1828872 103270638 0 0 0
2 0 0 0 5341320 2703434
1 1825024 0 27663350 0 0
1 184705485 0 55884745 0 0
0 15678656 23343498 0 0 0
0 15360 356259722 0 0 0
2 0 0 0 32537142 32007847
2 0 0 0 417627 129823411
2 0 0 0 2036528 12896132
0 135197436 22249887 0 0 0
0 5832416 1577488 0 0 0
2 0 0 0 59012172 45747474
1 23628149 0 2208853 0 0
2 0 0 0 6474590 1756
0 268654270 40682826 0 0 0
0 2402856 12677327 0 0 0
1 165344711 0 181102906 0 0
0 17644337 15815067 0 0 0
1 84699920 0 23438665 0 0
1 48481 0 43912981 0 0
1 7165738 0 6251820 0 0
2 0 0 0 21889726 3621159
1 4911 0 66640847 0 0
0 215744485 5154098 0 0 0
1 19937347 0 86380427 0 0
1 22978806 0 81107039 0 0
1 371058 0 517179 0 0
2 0 0 0 28419411 70494398
1 90225432 0 58635537 0 0
2 0 0 0 198010355 218509692
1 17029675 0 911260 0 0
0 3213425 87444312 0 0 0
0 67256403 11597604 0 0 0
1 4937964 0 11577380 0 0
0 3486150 6379208 0 0 0
0 227412851 54168935 0 0 0
0 64444438 44346155 0 0 0
1 111283912 0 154738 0 0
0 228056774 23838736 0 0 0
0 1946683 31330 0 0 0
2 0 0 0 16266650 11439880
0 15725556 4398883 0 0 0
0 65332023 87334409 0 0 0
2 0 0 0 2815382 77168106
0 64387324 393406 0 0 0
0 243135554 183340879 0 0 0
1 10162348 0 65754065 0 0
2 0 0 0 14115579 27955231
1 26949115 0 41781550 0 0
2 0 0 0 32379722 3118511
2 0 0 0 42538469 6503114
2 0 0 0 291247 60601767
2 0 0 0 9469202 2585031
0 7236282 18274228 0 0 0
2 0 0 0 412829 65749415
2 0 0 0 1222847 73342862
1 30483931 0 213540 0 0
1 3624273 0 14764486 0 0
1 2591354 0 37348194 0 0
0 26441692 3425610 0 0 0
0 18811022 37891356 0 0 0
1 5286185 0 1265920 0 0
2 0 0 0 30288518 30046983
0 44957102 916130 0 0 0
1 114652256 0 760464 0 0
0 8687601 7196657 0 0 0
2 0 0 0 1459471 20510095
2 0 0 0 115495 2249839
0 58481918 4264079 0 0 0
2 0 0 0 7680877 59506589
2 0 0 0 90206772 35753111
0 17278240 345601276 0 0 0
0 21111431 95487298 0 0 0
0 11359854 66897662 0 0 0
1 56695634 0 16221267 0 0
2 0 0 0 6722092 1743543
1 64212038 0 107613478 0 0
0 20868973 343160 0 0 0
0 123150335 3718219 0 0 0
2 0 0 0 42370490 85833416
0 60069376 299972636 0 0 0
0 522687017 78609771 0 0 0
0 441754 13911629 0 0 0
1 19451617 0 143640363 0 0
2 0 0 0 421491 2905042
2 0 0 0 32350536 81817668
0 7970967 27270805 0 0 0
2 0 0 0 20066470 2837765
0 18311164 4069408 0 0 0
2 0 0 0 938027 102845145
0 355922446 167809466 0 0 0
0 282453 16410775 0 0 0
2 0 0 0 47246072 10864869
1 40405347 0 2600352 0 0
2 0 0 0 491081048 621043
0 30585046 228188940 0 0 0
1 166863 0 5015099 0 0
0 25159813 7060196 0 0 0
1 89226048 0 15886118 0 0
1 4857043 0 544638 0 0
2 0 0 0 23317501 16800177
1 222693481 0 40961317 0 0
2 0 0 0 198816266 39135416
2 0 0 0 764536 23087416
2 0 0 0 67927360 319589350
1 209765971 0 38571927 0 0
0 343222385 31593091 0 0 0
2 0 0 0 9734080 115412
1 88289292 0 27987252 0 0
2 0 0 0 142168318 29071732
0 87018 98262917 0 0 0
1 97089424 0 3582845 0 0
2 0 0 0 265076202 34727839
1 31171357 0 2289129 0 0
1 322250535 0 1609204 0 0
2 0 0 0 262393714 43336914
0 85052361 3796966 0 0 0
996
0 189 438
0 438 328
1 189 516
0 328 673
0 438 96
0 189 899
0 438 285
0 899 760
0 285 427
0 673 371
0 673 533
0 899 834
0 371 181
1 181 472
0 673 74
0 181 341
0 328 256
1 673 657
0 834 861
0 256 72
0 533 463
0 899 125
0 657 719
0 427 263
0 861 440
0 125 157
1 438 165
0 760 265
0 440 768
0 463 769
0 657 685
0 760 576
0 265 336
0 769 820
0 533 132
0 463 585
0 657 456
0 96 260
0 533 776
1 673 120
0 256 488
0 72 678
0 256 556
0 685 380
0 181 803
0 685 905
1 341 392
0 463 52
1 905 603
0 673 73
0 603 359
0 72 117
0 533 619
0 380 153
0 760 764
0 285 134
0 132 349
0 285 572
0 120 106
1 52 713
0 760 505
0 265 37
0 181 179
0 74 122
0 803 672
0 533 686
0 861 774
0 336 95
0 505 342
1 96 23
0 572 749
0 760 295
0 456 218
0 181 490
0 603 740
1 392 901
0 901 7
0 328 340
0 125 877
0 349 786
0 472 531
0 456 258
0 768 239
0 117 36
0 23 430
0 440 615
0 786 742
0 576 242
0 740 343
0 52 118
0 256 647
0 463 889
1 392 545
0 72 89
0 295 818
0 585 228
0 516 822
0 153 502
0 349 762
0 162 164
0 808 785
0 537 143
0 391 581
1 776 554
1 670 29
0 893 734
0 830 661
0 541 319
0 723 519
0 114 433
0 662 745
0 828 790
1 564 646
1 218 61
0 117 595
0 228 184
0 425 799
0 573 275
0 127 500
0 74 25
0 879 14
0 327 661
1 337 286
0 186 294
0 0 813
0 232 420
0 335 453
1 214 426
0 367 86
0 139 837
0 831 869
1 120 823
0 111 361
0 98 886
0 352 520
0 157 250
0 444 275
0 686 490
0 518 445
0 270 366
0 428 788
0 306 25
0 64 15
0 159 819
0 544 835
0 142 429
0 850 650
0 127 188
0 592 348
0 63 584
0 286 379
0 209 666
0 461 137
0 773 785
0 693 669
1 549 15
1 761 904
0 419 661
1 750 639
1 341 683
0 322 255
0 584 660
0 522 324
0 49 345
0 614 869
0 765 203
0 129 80
0 363 534
0 219 197
0 702 739
0 248 484
0 869 449
0 48 898
0 393 601
0 860 121
0 894 254
0 576 402
0 596 539
0 476 38
0 328 131
0 147 638
0 30 519
0 140 819
0 846 319
0 397 250
0 387 564
0 377 420
0 61 100
0 246 308
0 67 14
0 244 653
0 329 116
0 656 616
0 625 330
0 421 495
0 251 819
0 781 374
0 179 590
0 666 103
0 841 883
0 548 467
0 170 479
0 538 405
0 222 5
0 125 473
0 384 232
1 99 111
0 792 232
0 625 378
1 322 459
1 358 767
0 347 211
0 25 424
0 433 232
0 429 33
0 142 815
0 105 70
0 36 398
0 725 823
1 294 387
0 216 294
0 798 194
1 876 620
0 719 711
0 900 235
1 134 866
0 742 16
0 846 770
1 578 717
1 786 793
0 733 784
1 31 759
0 386 275
1 464 170
0 80 259
0 711 78
0 891 617
0 876 718
0 463 671
0 187 789
1 64 566
0 386 70
0 407 232
0 322 384
0 441 261
0 130 868
1 421 821
0 719 398
0 370 156
1 309 879
0 478 294
1 759 564
0 422 44
0 324 387
0 829 244
0 813 884
0 202 437
0 388 564
0 389 90
0 261 564
1 245 394
1 781 112
0 176 767
0 691 825
0 416 210
0 419 245
0 433 110
0 265 710
0 128 539
0 873 607
0 243 632
0 766 145
0 263 576
0 720 402
0 96 505
0 575 156
1 224 549
0 676 237
0 564 14
0 15 792
0 357 723
0 413 864
0 803 322
0 871 738
0 155 229
0 441 247
1 196 1
0 150 465
0 298 32
0 82 807
0 319 273
0 593 420
0 130 770
1 49 754
0 877 215
1 177 537
0 220 800
0 675 702
0 457 546
0 371 256
0 850 405
0 10 460
0 628 418
0 539 564
0 470 839
0 766 644
0 281 135
0 487 550
0 95 170
0 256 437
0 792 103
1 435 467
0 147 664
1 900 288
0 335 884
0 864 439
0 322 767
0 825 47
0 128 261
1 184 648
0 573 781
0 685 319
0 552 458
0 661 370
0 424 734
0 172 110
0 860 70
1 95 825
0 388 329
0 218 810
0 724 206
0 67 379
0 752 593
0 305 856
0 176 538
0 893 197
0 209 815
0 869 539
1 465 655
0 88 500
0 405 387
0 163 784
0 855 483
0 904 135
1 783 203
1 542 794
0 671 310
0 443 310
0 348 754
0 310 370
1 335 391
1 566 216
0 113 94
0 840 20
0 435 11
0 127 865
0 395 468
0 344 78
1 901 240
0 725 785
0 270 534
0 119 259
0 39 434
0 288 305
0 369 255
0 311 300
0 870 636
0 463 208
0 834 89
0 753 839
0 777 646
0 896 800
0 400 702
0 113 467
0 655 745
1 778 116
0 522 431
1 511 278
0 741 649
0 75 706
0 121 812
0 94 805
1 786 110
0 766 890
0 802 305
0 91 34
0 841 377
0 761 216
0 765 2
0 672 340
0 467 879
0 383 589
0 363 712
0 695 826
0 696 795
0 397 691
0 294 70
0 729 754
0 518 837
1 336 271
1 471 841
0 507 275
0 652 707
0 201 247
1 619 26
0 821 38
0 89 584
0 61 819
0 600 379
0 846 792
0 169 127
1 122 494
0 396 135
0 246 286
0 562 815
0 894 240
0 211 532
0 345 385
0 702 159
0 380 718
0 57 679
1 46 501
0 419 401
0 64 611
0 658 382
0 32 535
0 483 759
0 409 794
0 823 819
0 773 235
0 280 382
0 63 867
0 122 699
0 682 186
0 666 264
0 766 268
0 551 778
1 638 251
0 271 642
0 558 78
0 261 364
1 509 267
0 61 305
0 191 779
0 267 852
1 38 561
0 674 133
1 191 372
0 295 101
0 405 67
0 486 29
0 92 373
0 613 361
0 535 5
0 316 580
0 326 819
0 95 1
0 179 788
0 103 70
0 48 90
0 253 730
0 734 387
0 24 385
0 811 579
0 504 868
0 903 761
0 808 345
0 85 197
0 204 467
0 607 273
1 523 625
0 294 543
0 497 290
0 265 701
0 363 246
0 585 67
0 724 833
0 656 859
0 270 650
1 84 250
0 620 377
0 603 177
1 604 504
0 793 666
0 184 770
0 334 878
0 63 175
0 778 447
0 904 535
0 263 614
0 188 32
0 853 886
0 312 681
1 50 351
0 892 446
0 90 566
0 224 420
0 759 70
0 565 25
0 828 163
0 580 773
0 543 387
0 509 135
0 351 220
1 86 565
0 588 683
0 206 31
0 56 671
0 769 150
0 321 268
0 76 399
0 755 868
0 776 823
0 296 823
0 656 723
1 88 439
0 236 420
0 558 808
0 372 738
0 768 351
0 887 805
0 481 840
0 616 241
1 563 665
0 167 680
0 273 420
0 213 172
0 797 812
0 707 865
0 343 83
0 204 539
0 860 288
0 484 466
0 686 832
0 15 204
0 783 683
0 786 616
0 569 884
0 869 172
0 416 32
0 663 266
0 59 279
0 110 128
0 121 289
0 22 101
0 901 449
0 98 664
0 99 691
0 495 232
1 827 294
0 801 513
1 396 564
0 875 872
0 87 159
0 478 884
0 603 510
1 535 785
0 859 294
0 781 160
0 190 441
0 37 115
1 250 467
0 628 775
0 562 182
0 666 308
0 72 398
0 207 15
0 865 466
0 666 370
0 410 561
0 612 204
0 554 839
0 142 251
0 609 298
0 413 785
0 205 807
0 780 121
0 296 213
0 807 648
0 527 302
0 805 159
0 802 115
1 750 133
0 143 49
0 813 376
1 878 627
1 743 320
1 174 116
0 352 670
1 442 247
0 479 879
1 742 208
0 744 251
0 595 308
0 120 79
0 168 62
0 552 309
0 807 464
0 461 424
0 202 755
1 94 314
0 334 610
0 68 81
0 775 324
0 88 240
0 790 29
0 221 310
0 876 729
0 456 369
0 58 205
0 709 478
0 616 353
0 652 21
0 642 236
0 364 564
0 340 423
0 885 313
0 41 866
0 563 20
0 552 360
0 611 539
0 800 376
0 394 564
0 544 584
1 409 539
0 545 735
0 53 213
0 346 649
0 642 169
0 735 746
0 659 643
1 490 205
0 627 777
0 86 852
0 167 453
0 399 778
0 128 467
0 229 567
0 427 356
0 576 598
0 663 832
0 741 146
0 772 664
0 704 761
1 857 849
0 457 893
0 683 706
0 664 267
0 800 135
0 695 339
0 426 195
0 818 33
1 293 159
0 358 808
0 592 126
0 562 499
0 640 286
0 529 819
1 849 405
0 113 428
1 897 210
0 627 869
0 799 5
1 413 883
0 90 499
0 16 186
0 226 466
0 725 681
0 587 681
0 572 832
0 27 379
0 216 444
1 553 498
0 466 539
1 566 839
0 40 712
0 565 755
0 83 813
0 740 610
0 313 775
0 514 703
1 609 561
0 526 111
0 436 679
0 886 712
1 741 875
0 383 92
0 654 467
0 29 109
1 809 584
0 506 722
0 755 437
0 92 688
0 526 305
0 727 744
0 328 577
0 767 399
0 608 868
0 351 27
0 293 402
0 844 451
1 223 836
1 553 458
0 523 367
0 237 856
0 804 888
0 900 60
0 123 65
0 344 146
0 543 646
1 502 307
0 717 789
0 897 375
0 301 396
0 558 302
0 741 391
0 396 734
0 757 548
0 335 107
1 275 437
0 817 543
0 221 808
0 129 347
0 161 163
1 32 538
0 210 879
0 798 535
0 352 351
0 894 309
1 663 755
1 273 194
0 212 236
1 524 597
0 371 105
0 381 632
1 830 756
0 262 361
1 579 273
0 71 92
0 17 600
0 546 543
0 275 309
0 312 754
0 338 413
0 444 437
0 701 353
0 566 707
0 730 707
0 673 835
0 547 42
0 542 109
0 881 154
0 440 66
0 353 501
0 722 159
0 246 284
0 241 12
0 472 31
0 662 862
0 274 739
0 459 275
0 349 454
0 356 387
0 824 808
1 515 375
0 301 178
0 614 422
0 755 387
0 458 15
0 640 311
1 98 308
0 401 745
0 655 361
0 351 561
0 66 437
1 896 370
0 892 20
0 667 60
0 167 479
0 588 467
0 707 515
0 768 666
0 777 376
0 564 14
0 665 416
0 359 620
0 817 310
0 858 240
0 524 800
0 794 396
0 645 799
1 470 467
0 621 464
0 633 812
0 510 898
1 859 429
0 554 879
0 122 401
1 617 206
0 164 330
0 154 367
0 846 883
0 166 375
0 685 140
0 36 715
0 771 856
0 292 632
0 562 171
0 724 856
0 400 634
0 118 830
1 107 824
0 668 717
0 550 854
0 419 128
0 376 759
0 788 387
1 16 798
0 588 146
0 834 450
0 194 284
0 708 104
0 771 193
0 538 816
0 467 364
0 395 903
0 438 381
0 343 30
1 13 500
0 367 824
1 634 759
0 623 113
0 221 446
0 518 306
0 565 128
0 31 777
0 810 286
0 285 741
0 542 458
0 815 255
0 668 202
0 642 186
0 861 547
0 551 554
0 231 795
0 316 711
0 184 800
0 331 588
0 562 825
0 331 290
1 785 294
1 154 46
0 286 128
0 770 854
0 244 291
0 167 823
0 190 407
1 365 35
0 871 745
0 404 821
0 845 150
0 696 689
0 133 44
1 382 738
0 557 397
0 663 617
0 549 348
1 252 836
0 409 734
0 665 253
0 174 399
1 253 823
0 802 235
0 535 394
0 542 49
0 829 639
0 197 178
1 66 375
0 119 677
1 118 249
1 621 481
0 658 825
0 845 210
0 784 777
1 544 752
0 672 609
0 253 121
0 73 778
0 446 734
0 55 3
0 712 816
0 503 641
1 83 410
0 190 213
0 642 428
0 363 361
0 858 690
0 221 310
1 358 348
0 632 5
0 422 527
0 299 527
0 620 534
0 109 546
0 718 453
1 102 54
0 525 444
0 154 750
0 775 429
0 699 835
0 887 79
0 784 868
0 257 507
0 581 3
0 233 241
1 467 868
0 806 579
0 452 31
0 795 837
0 656 594
0 875 318
0 42 292
0 520 879
0 889 71
0 764 744
0 110 281
0 215 507
0 284 564
0 108 275
1 865 152
0 795 500
0 893 836
0 678 439
0 410 522
0 472 5
0 371 201
0 363 294
0 691 86
0 712 261
0 636 534
0 323 856
0 7 92
0 807 712
0 692 109
0 468 873
0 40 306
1 733 632
0 704 624
0 445 428
1 569 437
0 425 447
0 160 169
0 557 177
0 313 759
1 630 902
0 869 868
0 210 819
0 255 813
0 870 675
0 756 629
0 568 866
0 588 434
0 710 327
0 129 494
0 224 274
0 87 544
0 140 660
0 814 495
1 601 159
0 382 254
0 697 691
0 398 730
0 340 457
0 276 65
0 617 448
0 870 206
0 611 261
0 269 100
0 884 375
0 796 869
0 503 5
0 571 224
0 497 551
0 552 3
0 216 284
1 393 607
0 516 144
1 668 231
0 15 785
0 166 244
0 823 593
0 272 655
0 650 308
0 820 272
0 575 661
1 216 785
9
0 1 3 9 12 15 46 75 76