72582
1238 1858 1155 1407 1452
100
251
0 3
0 4
1 0
1 1
1 3
2 0
2 1
2 2
2 3
3 0
3 3
3 4
4 2
5 0
5 1
5 2
5 3
6 0
6 1
6 2
7 1
7 3
7 4
8 1
9 0
9 4
10 1
10 2
11 1
11 4
12 0
12 1
12 4
13 0
13 1
13 2
14 0
14 1
14 2
14 3
14 4
15 0
15 1
15 3
16 2
16 4
17 0
17 2
18 2
19 0
19 1
19 2
20 1
20 2
20 3
20 4
21 2
22 3
22 4
23 1
23 2
23 4
24 3
24 4
25 0
25 1
25 2
25 3
25 4
26 1
26 4
27 1
27 2
28 0
28 2
28 4
29 0
29 1
29 4
30 0
30 1
30 2
30 3
30 4
31 0
31 1
31 2
31 3
31 4
32 0
32 1
32 3
33 2
34 1
34 2
34 4
35 0
35 1
35 2
35 4
36 1
36 2
36 4
37 1
37 2
37 4
38 0
38 1
38 4
39 1
39 2
40 3
41 2
41 3
42 0
42 1
43 0
43 3
43 4
44 0
44 2
44 4
45 1
45 2
45 3
46 0
46 1
46 3
47 2
47 3
47 4
48 0
48 1
48 3
48 4
49 1
49 3
49 4
50 1
50 2
50 3
50 4
51 3
52 0
52 1
52 2
53 0
54 3
55 0
56 0
56 3
57 3
58 0
58 2
58 4
59 0
59 4
60 0
60 3
60 4
61 0
61 1
61 3
61 4
62 0
62 4
63 0
64 2
65 0
65 1
65 3
66 0
66 1
66 3
67 1
67 2
67 3
68 0
68 1
68 2
68 3
69 0
69 2
70 0
70 4
71 4
72 1
72 3
72 4
73 1
73 4
74 1
74 3
75 0
75 3
76 2
76 4
77 1
77 2
77 3
78 0
78 3
79 4
80 0
80 2
81 0
81 3
82 1
82 4
83 1
83 2
84 1
85 0
85 1
85 4
86 0
86 1
86 2
86 3
86 4
87 0
87 1
87 3
87 4
88 1
88 3
88 4
89 3
89 4
90 2
91 3
91 4
92 0
92 2
92 4
93 0
93 2
93 4
94 0
94 1
94 2
94 3
94 4
95 1
95 2
96 0
96 3
97 1
98 0
99 2
99 4
1
83
100
0 0 5840 1 0 0
0 1 7501 1 0 1
0 2 6527 1 0 0
0 3 9638 1 0 1
0 4 8528 0 0 1
0 5 9981 1 0 1
0 6 9583 0 1 1
0 7 9650 1 1 0
0 8 3677 1 0 1
0 9 6211 0 0 1
0 10 2658 0 0 1
0 11 3816 1 1 0
0 12 8149 0 1 0
0 13 8675 0 0 1
0 14 6853 0 0 1
0 15 9479 1 0 0
0 16 8439 0 0 1
0 17 9870 0 1 1
0 18 8858 0 1 0
0 19 7265 1 0 1
0 20 4439 1 1 0
0 21 8594 1 1 0
0 22 9206 1 0 0
0 23 9630 0 1 1
0 24 6506 1 0 1
0 25 9785 0 0 1
0 26 7185 1 0 0
0 27 2280 1 0 1
0 28 7654 0 1 1
0 29 9882 0 0 1
0 30 4842 1 0 1
0 31 8678 0 1 0
0 32 9050 0 0 1
0 33 8565 1 0 1
0 34 5057 1 0 1
0 35 9703 0 0 1
0 36 8959 1 0 0
0 37 2803 0 1 0
0 38 9243 0 0 1
0 39 8709 1 1 0
0 40 7269 1 0 0
0 41 8123 0 0 1
0 42 8975 0 1 1
0 43 9922 0 1 0
0 44 8113 0 0 1
0 45 4386 0 0 1
0 46 2302 0 0 1
0 47 8018 0 1 0
0 48 9378 1 0 0
0 49 8719 1 1 0
0 50 7843 1 1 0
0 51 8004 0 1 1
0 52 5073 1 0 0
0 53 8894 1 0 1
0 54 8655 0 1 1
0 55 9850 0 1 1
0 56 1540 1 0 0
0 57 3548 1 0 0
0 58 3597 0 0 1
0 59 8797 0 0 1
0 60 8140 0 1 0
0 61 6424 0 1 1
0 62 9422 1 0 0
0 63 4796 1 0 1
0 64 7491 1 0 1
0 65 7190 0 1 0
0 66 3290 0 1 1
0 67 2642 0 0 1
0 68 9319 0 0 1
0 69 9763 0 1 0
0 70 2231 1 1 0
0 71 4514 1 0 1
0 72 9933 0 1 0
0 73 9646 0 0 1
0 74 3158 1 0 1
0 75 8130 0 0 1
0 76 8078 1 0 1
0 77 7311 1 1 0
0 78 9962 1 0 0
0 79 8127 1 0 0
0 80 8140 0 0 1
0 81 3366 1 0 1
0 82 7224 1 0 0
0 83 9996 0 0 1
0 84 8749 1 0 0
0 85 8303 0 1 0
0 86 8479 0 0 1
1 87 9824 0 1 1
0 88 4294 1 0 1
0 89 9447 0 1 1
0 90 9830 1 1 0
1 91 6755 1 0 1
0 92 9110 1 0 0
0 93 9874 0 0 1
0 94 7897 0 1 0
0 95 8218 0 0 1
0 96 9300 0 1 1
0 97 5269 1 1 0
0 98 3391 0 1 0
0 99 9459 1 0 1
898
0 213622286 16963589 0 0 0
1 1439364 0 419775827 0 0
2 0 0 0 15448604 4663985
1 26313499 0 16690071 0 0
0 30014 36824182 0 0 0
1 4792441 0 106579879 0 0
0 6652408 166346895 0 0 0
0 160230380 13771553 0 0 0
0 3010480 30255313 0 0 0
0 9060958 107625040 0 0 0
0 39893989 57451204 0 0 0
2 0 0 0 4482318 8409035
2 0 0 0 17171235 33154053
2 0 0 0 85696555 4142133
2 0 0 0 728847 31102629
0 48850120 41356545 0 0 0
1 5580014 0 228314723 0 0
1 109903468 0 98825868 0 0
2 0 0 0 92044879 10936067
2 0 0 0 1807880 14309028
1 14848194 0 8519308 0 0
0 1586914 5034483 0 0 0
1 174991 0 4639944 0 0
2 0 0 0 3981822 112813358
0 5365746 72854311 0 0 0
0 9746100 20472248 0 0 0
1 292862498 0 25273923 0 0
1 284596268 0 189844416 0 0
0 27117595 8685941 0 0 0
2 0 0 0 14381605 94971021
1 93502138 0 136339159 0 0
1 15102591 0 24235208 0 0
0 32212395 111059613 0 0 0
1 82707177 0 6764139 0 0
2 0 0 0 5904246 29413052
2 0 0 0 33908449 79395448
0 818821 38149713 0 0 0
0 211103 11934758 0 0 0
2 0 0 0 51967065 18230193
0 20814932 4074777 0 0 0
1 32046615 0 14502260 0 0
0 7231262 427252586 0 0 0
1 67761218 0 32608875 0 0
0 9119870 29671180 0 0 0
0 11939838 8218110 0 0 0
2 0 0 0 34630733 10943745
2 0 0 0 20797920 130085053
0 5658916 18929637 0 0 0
0 19572487 15104217 0 0 0
2 0 0 0 1487504 51377183
1 33271442 0 70685766 0 0
2 0 0 0 45903012 13004974
2 0 0 0 32628503 183202537
1 29297379 0 203630622 0 0
2 0 0 0 98484454 77691142
0 7073682 18639500 0 0 0
0 5910219 30576421 0 0 0
2 0 0 0 6289076 343844406
1 27650057 0 325604853 0 0
1 2124887 0 554535 0 0
1 62571216 0 310082727 0 0
1 1625009 0 974594 0 0
1 54495465 0 1419930 0 0
1 25793082 0 12437949 0 0
0 2927057 3950694 0 0 0
0 9367012 125778728 0 0 0
2 0 0 0 7090750 3414791
2 0 0 0 87029604 28289618
2 0 0 0 60824771 357985704
2 0 0 0 21581717 29131166
1 30220848 0 103692839 0 0
1 141479 0 14264693 0 0
0 313610379 18263473 0 0 0
0 34474854 26833989 0 0 0
0 163141172 146214 0 0 0
1 183423938 0 150783668 0 0
2 0 0 0 2295143 1027234
0 67904483 1069263 0 0 0
2 0 0 0 268660 29816982
1 6205324 0 40723259 0 0
0 165907493 10237478 0 0 0
0 6493174 89463916 0 0 0
2 0 0 0 27117978 5250512
0 14373863 93033504 0 0 0
2 0 0 0 12888304 167523098
0 31997 59979508 0 0 0
2 0 0 0 11166945 2063791
0 14560266 3629468 0 0 0
2 0 0 0 59336270 357805190
1 104736008 0 18960887 0 0
1 3064029 0 63629301 0 0
1 29349754 0 76988651 0 0
2 0 0 0 56789770 25773241
2 0 0 0 4187557 58119196
0 43867775 2936687 0 0 0
0 8787376 3960248 0 0 0
1 1935288 0 202601455 0 0
1 153845163 0 14816066 0 0
0 5774456 46979684 0 0 0
2 0 0 0 36654684 7911879
2 0 0 0 127207975 3383827
0 5452714 785975 0 0 0
1 9077626 0 5670030 0 0
2 0 0 0 29594879 145585
2 0 0 0 75165065 5492254
2 0 0 0 9930060 248180736
1 109982839 0 303684569 0 0
1 2357206 0 144723813 0 0
0 36998994 6566140 0 0 0
0 734956 417253 0 0 0
2 0 0 0 12715711 23123927
1 199337394 0 42884886 0 0
1 5082376 0 60049674 0 0
1 36836253 0 13490553 0 0
1 16942155 0 103048696 0 0
0 17262194 20355045 0 0 0
2 0 0 0 90996147 6487380
1 99156408 0 3915349 0 0
2 0 0 0 38181466 183190518
0 3061142 6317108 0 0 0
1 226092 0 1471882 0 0
1 22449451 0 5286111 0 0
2 0 0 0 29606445 91529884
1 42536425 0 33841471 0 0
1 714718 0 5254720 0 0
2 0 0 0 35000211 29321033
0 20719595 9804182 0 0 0
0 306346960 152924528 0 0 0
0 37672106 129740616 0 0 0
1 99954435 0 50272614 0 0
1 24610 0 760241 0 0
2 0 0 0 5571264 8980411
0 27716 2402798 0 0 0
0 6829986 510294 0 0 0
0 2371601 18960594 0 0 0
1 8130285 0 372619 0 0
2 0 0 0 45553060 387000
0 87049303 167230438 0 0 0
1 116048964 0 139230355 0 0
1 18569196 0 5718991 0 0
1 13134676 0 77485938 0 0
1 43027332 0 42301 0 0
1 10446316 0 406254 0 0
2 0 0 0 245084 4463763
0 38855818 2586124 0 0 0
1 2645007 0 29154843 0 0
2 0 0 0 30712868 8710820
1 27974695 0 10227630 0 0
1 6880036 0 17348625 0 0
2 0 0 0 101070071 5956513
0 1394659 1146988 0 0 0
0 2516972 105610599 0 0 0
2 0 0 0 1303946 25154725
2 0 0 0 364475 3048116
0 252108313 43050781 0 0 0
0 7208408 62267267 0 0 0
2 0 0 0 165410797 235192407
1 2055019 0 24330632 0 0
2 0 0 0 14125557 2665548
2 0 0 0 84531051 751621
0 6864257 7648179 0 0 0
0 2886594 6528122 0 0 0
1 5246991 0 289243671 0 0
0 45186944 41240815 0 0 0
2 0 0 0 3446816 54305654
2 0 0 0 29650490 32761401
2 0 0 0 476461640 650542
2 0 0 0 13759206 479286692
2 0 0 0 235571816 362763737
1 6716685 0 5142450 0 0
2 0 0 0 6889129 779408
2 0 0 0 1448278 2454949
1 50964878 0 9939162 0 0
0 22352242 62263610 0 0 0
1 20772159 0 1259361 0 0
2 0 0 0 100977785 63716867
2 0 0 0 139836541 172004203
1 4566389 0 30361435 0 0
1 16849441 0 197051221 0 0
2 0 0 0 115372113 119000
0 164953357 94988290 0 0 0
0 183153578 99646337 0 0 0
1 18978061 0 24154282 0 0
1 70794141 0 14407330 0 0
1 1181064 0 28133413 0 0
0 1583624 76241184 0 0 0
0 62509468 233694774 0 0 0
2 0 0 0 103493821 23846846
1 53355564 0 17957231 0 0
0 18377 2966201 0 0 0
0 50249383 21607163 0 0 0
2 0 0 0 531892947 1805456
0 9007716 293981 0 0 0
0 1224235 98080834 0 0 0
2 0 0 0 4518358 65466582
1 5822985 0 505893633 0 0
2 0 0 0 113403676 44479302
2 0 0 0 2680044 144405302
1 134973846 0 85553856 0 0
2 0 0 0 2868460 2963339
2 0 0 0 180588241 21470129
2 0 0 0 3460551 17440222
0 12042880 151771289 0 0 0
1 127458083 0 15581844 0 0
0 81602871 534104 0 0 0
2 0 0 0 151643 22210060
2 0 0 0 20530519 38384843
1 120957747 0 136011500 0 0
0 23167095 40710697 0 0 0
1 12030265 0 87346895 0 0
0 394950 59358608 0 0 0
0 81681788 558740005 0 0 0
2 0 0 0 102535039 151262749
0 10828788 16815273 0 0 0
2 0 0 0 25959802 484311
1 207034732 0 202139195 0 0
2 0 0 0 90805194 129514146
0 139778422 65198218 0 0 0
2 0 0 0 37761360 19292952
2 0 0 0 77627932 314510417
1 34586561 0 281879695 0 0
1 101153497 0 2169230 0 0
0 1466393 47812144 0 0 0
2 0 0 0 18922997 13438525
2 0 0 0 14535483 213597953
1 17301905 0 51280401 0 0
1 524819 0 2021743 0 0
2 0 0 0 67285239 5618367
0 4495404 15690958 0 0 0
1 1282656 0 61590327 0 0
1 384600422 0 64456806 0 0
2 0 0 0 211041268 8133389
1 58516903 0 2457008 0 0
2 0 0 0 32047419 139753098
0 41028211 478724 0 0 0
2 0 0 0 37332419 71485456
0 19508798 24946798 0 0 0
2 0 0 0 153586988 116474846
0 52131330 157415725 0 0 0
0 1543915 118292789 0 0 0
0 260248719 4653066 0 0 0
0 540137 66803 0 0 0
0 44454724 268506431 0 0 0
0 13620798 4784893 0 0 0
0 74729593 20956 0 0 0
1 634045 0 2874017 0 0
2 0 0 0 1811497 7603702
0 3298348 71732238 0 0 0
0 21906287 5120530 0 0 0
0 128072061 6491286 0 0 0
2 0 0 0 81598697 2444961
1 94028407 0 1734601 0 0
1 17563926 0 953738 0 0
0 25667077 10516028 0 0 0
1 156572440 0 56700309 0 0
2 0 0 0 89688080 9318913
1 5142863 0 1313039 0 0
0 109543972 15600594 0 0 0
1 320738925 0 2290734 0 0
1 38658447 0 172307884 0 0
2 0 0 0 262990 30871
2 0 0 0 90210268 23687399
1 98318912 0 8538214 0 0
1 99151384 0 9496077 0 0
0 3406828 1369286 0 0 0
0 30560469 16069074 0 0 0
1 71876284 0 117919663 0 0
1 352582 0 4647828 0 0
1 7169112 0 132068868 0 0
2 0 0 0 97557997 10776680
0 3089525 6169161 0 0 0
0 4564066 86094540 0 0 0
1 80578205 0 4304910 0 0
1 339136528 0 43553478 0 0
1 10034850 0 395244184 0 0
1 2974034 0 9309486 0 0
0 10374430 11139076 0 0 0
0 15510273 29336482 0 0 0
1 20265239 0 41875070 0 0
2 0 0 0 115314 327281659
1 37260 0 137981075 0 0
1 24584203 0 38407446 0 0
1 23001171 0 51037824 0 0
1 345409982 0 213075 0 0
0 88599596 30717463 0 0 0
2 0 0 0 69317595 37904092
1 31596145 0 18011238 0 0
1 11622662 0 1137011 0 0
1 133015336 0 180415951 0 0
1 15265754 0 58587794 0 0
1 15104977 0 97499173 0 0
0 19290694 13158142 0 0 0
0 235824064 132613005 0 0 0
0 127319546 16615306 0 0 0
1 30383129 0 1605206 0 0
1 2893310 0 6876636 0 0
0 14684638 11775965 0 0 0
0 33262529 10731809 0 0 0
0 37973734 40305950 0 0 0
2 0 0 0 825377 54604450
0 366404819 123626090 0 0 0
1 214131 0 15031471 0 0
2 0 0 0 82456141 171162186
0 246645798 2019025 0 0 0
1 8214077 0 1597984 0 0
2 0 0 0 403305 142340179
1 29231794 0 5455013 0 0
2 0 0 0 15599989 70651717
1 65276811 0 47652666 0 0
1 45409888 0 66088988 0 0
1 11810756 0 49011680 0 0
1 28221739 0 9104719 0 0
1 126792425 0 252504526 0 0
1 1019574 0 49128590 0 0
2 0 0 0 42922443 195113451
2 0 0 0 27397376 61717515
0 26121281 12673527 0 0 0
2 0 0 0 11799354 6373183
2 0 0 0 80841172 19531176
1 20635965 0 258391924 0 0
2 0 0 0 6513016 4447688
2 0 0 0 110588762 7459708
0 500596 193692438 0 0 0
1 7447611 0 35443886 0 0
2 0 0 0 7661370 666583
0 13662123 35592573 0 0 0
0 14934674 262189 0 0 0
1 77469921 0 9417340 0 0
1 31542781 0 1969974 0 0
0 179654709 121285637 0 0 0
2 0 0 0 6313535 1064764
1 271254 0 83846334 0 0
0 6530210 4590240 0 0 0
0 1187075 59969357 0 0 0
0 14390104 22850639 0 0 0
1 2788575 0 408268603 0 0
2 0 0 0 139645702 13542341
2 0 0 0 905 169354227
1 178302313 0 8334941 0 0
2 0 0 0 164993672 8364197
2 0 0 0 608291 7547112
2 0 0 0 542986928 18326739
1 205729299 0 2380802 0 0
1 40270606 0 15971434 0 0
0 18399778 51772644 0 0 0
0 136190 5930094 0 0 0
0 23729950 41382752 0 0 0
2 0 0 0 9811054 160222116
1 85245762 0 21755820 0 0
2 0 0 0 1004688 45289087
0 99229623 8118136 0 0 0
0 793958 21883939 0 0 0
1 10494505 0 42817834 0 0
1 11188458 0 180875328 0 0
2 0 0 0 2774173 447608
1 65564439 0 312501997 0 0
0 11930970 212965789 0 0 0
2 0 0 0 545950 30168988
2 0 0 0 63814012 6353048
2 0 0 0 227314872 4179456
0 2038534 13557279 0 0 0
2 0 0 0 442378763 51125370
1 86835714 0 36136538 0 0
1 51087349 0 157640560 0 0
0 1042077 73353413 0 0 0
1 11802954 0 16185150 0 0
0 342859 5866984 0 0 0
0 4351269 61517141 0 0 0
1 53247243 0 12670310 0 0
1 23548526 0 176918926 0 0
2 0 0 0 124538610 89873747
2 0 0 0 68905486 11874236
2 0 0 0 46459184 853099
1 7520682 0 103402362 0 0
1 14817549 0 7120606 0 0
0 25996445 302820177 0 0 0
2 0 0 0 1648887 61134136
2 0 0 0 7883347 129229702
0 16234109 10643917 0 0 0
2 0 0 0 40423 196114494
0 11041484 3513178 0 0 0
0 928129 50677616 0 0 0
2 0 0 0 30626124 127897720
0 10354120 14641566 0 0 0
2 0 0 0 146040632 16716010
1 6396255 0 115654687 0 0
0 179279629 42556803 0 0 0
0 186082164 82954464 0 0 0
2 0 0 0 37540295 13325735
0 4691196 4825151 0 0 0
2 0 0 0 7815653 11042742
1 56623001 0 15590308 0 0
0 6453546 175491 0 0 0
2 0 0 0 4385234 170488016
1 149966147 0 13743089 0 0
1 716382 0 18587376 0 0
2 0 0 0 1809873 106614609
0 14027276 57915889 0 0 0
2 0 0 0 20875145 329595663
0 2499508 14625112 0 0 0
0 16471427 68110755 0 0 0
2 0 0 0 64260251 30244376
1 30127124 0 13941167 0 0
2 0 0 0 24160293 5385364
2 0 0 0 61095994 162736991
1 88443595 0 26741987 0 0
2 0 0 0 27563738 28524612
1 10024897 0 90572766 0 0
0 75358622 15057073 0 0 0
1 140293686 0 96616756 0 0
1 50070131 0 203621095 0 0
1 15105534 0 3964316 0 0
1 59231261 0 557193958 0 0
0 19416959 62366312 0 0 0
0 146160196 90128462 0 0 0
0 133094866 53493082 0 0 0
2 0 0 0 29331051 18864994
0 696508 679707 0 0 0
2 0 0 0 22581621 13111871
0 18714233 44116838 0 0 0
1 97931535 0 83944244 0 0
0 112690682 76057898 0 0 0
2 0 0 0 434456520 1128541
2 0 0 0 18493606 10774815
2 0 0 0 28510347 66503697
2 0 0 0 430564248 25200889
1 541567 0 2383566 0 0
1 10808172 0 104896 0 0
2 0 0 0 553932 6174233
0 24272013 43603055 0 0 0
2 0 0 0 163782053 80507640
2 0 0 0 12297552 92324067
1 41388103 0 8378504 0 0
2 0 0 0 38233747 26569441
1 182494738 0 7458627 0 0
2 0 0 0 81232562 69820314
0 2334391 37818853 0 0 0
0 160441719 1011725 0 0 0
0 41929379 4474853 0 0 0
1 10814825 0 9663086 0 0
0 8348844 139585469 0 0 0
2 0 0 0 19297384 1300076
0 35661325 43249102 0 0 0
1 22349340 0 11521570 0 0
1 85942185 0 528752 0 0
0 2315274 18312618 0 0 0
2 0 0 0 20794879 65742724
1 15409066 0 299747720 0 0
0 241829980 129459739 0 0 0
1 25799385 0 16859885 0 0
1 65284808 0 52880031 0 0
1 5298823 0 3303212 0 0
0 100823959 1585288 0 0 0
1 233012344 0 21741279 0 0
0 52715862 21117815 0 0 0
2 0 0 0 37764715 1740705
1 1060645 0 151404536 0 0
0 127639639 79758907 0 0 0
1 131963421 0 49477723 0 0
2 0 0 0 3788471 84135486
1 54119171 0 1593247 0 0
1 57272290 0 496513 0 0
0 5407423 518702 0 0 0
2 0 0 0 5793759 41022960
0 290157 96560772 0 0 0
2 0 0 0 265066006 174973444
1 93997539 0 88145053 0 0
1 21538945 0 11092442 0 0
1 79169066 0 403413 0 0
0 5100032 10713575 0 0 0
0 9629602 1217981 0 0 0
0 267221972 48266247 0 0 0
1 2930717 0 49121726 0 0
0 9254592 7676131 0 0 0
2 0 0 0 982161 6179894
1 537858 0 8166148 0 0
2 0 0 0 2663682 3477496
2 0 0 0 52762108 4907096
0 18284457 5418345 0 0 0
2 0 0 0 257728 95470031
0 114097550 9182787 0 0 0
0 41027504 10417995 0 0 0
2 0 0 0 25446425 7415345
0 18211085 171075619 0 0 0
1 25863100 0 58632 0 0
2 0 0 0 206732116 16344215
2 0 0 0 67323939 31661426
1 15312987 0 131803530 0 0
2 0 0 0 20432433 7348305
1 3122687 0 17586228 0 0
2 0 0 0 41697809 79620829
1 127336360 0 5606855 0 0
2 0 0 0 66731165 23967116
1 382101493 0 20487622 0 0
0 41380509 70766684 0 0 0
0 6530853 20164542 0 0 0
0 982945 93790868 0 0 0
2 0 0 0 128752112 5926403
1 5094910 0 4669141 0 0
1 310328 0 2128061 0 0
1 9173955 0 25394505 0 0
0 18346369 1764081 0 0 0
1 9879272 0 162296569 0 0
2 0 0 0 7386344 83443
1 4527140 0 6897231 0 0
1 8210349 0 37443034 0 0
2 0 0 0 209483491 15123269
2 0 0 0 113745569 104517929
0 6885413 15737932 0 0 0
2 0 0 0 475884 191640124
1 4794308 0 70638568 0 0
0 29750458 14909 0 0 0
2 0 0 0 471183 303657239
0 1318748 181093969 0 0 0
0 5768750 116134196 0 0 0
1 2393626 0 110685547 0 0
0 8617667 2518442 0 0 0
0 152393 49013428 0 0 0
2 0 0 0 63706817 19481339
2 0 0 0 309227512 2987517
0 6885542 27717931 0 0 0
1 49228831 0 23166279 0 0
2 0 0 0 13312046 23110391
2 0 0 0 65136033 8772117
0 34837 19563683 0 0 0
2 0 0 0 10168206 116270562
0 118310216 136093955 0 0 0
2 0 0 0 38807928 49092785
1 6004214 0 683422 0 0
2 0 0 0 60424017 4406
1 7763426 0 1145372 0 0
2 0 0 0 2019621 4488417
2 0 0 0 8469026 11479493
1 107168410 0 64428068 0 0
0 29646822 191612864 0 0 0
0 73970274 24946984 0 0 0
1 170202344 0 8107717 0 0
1 24422526 0 257616744 0 0
1 13765032 0 596174 0 0
2 0 0 0 600858 8584526
2 0 0 0 37895271 9195000
0 1698794 38177060 0 0 0
0 6524998 3438399 0 0 0
1 84371170 0 16725498 0 0
1 152958560 0 211868867 0 0
0 18739369 428400 0 0 0
1 10863403 0 113190787 0 0
1 7107223 0 361673906 0 0
1 44801284 0 52732013 0 0
2 0 0 0 5687 2846883
2 0 0 0 311627206 174145861
0 21170438 29754835 0 0 0
1 15645121 0 6116828 0 0
1 7257042 0 58878372 0 0
2 0 0 0 175646129 691330
0 8466210 18983178 0 0 0
0 465240 365096175 0 0 0
2 0 0 0 3343165 105487
0 12402220 2042304 0 0 0
2 0 0 0 1721113 50728503
1 313313313 0 24209213 0 0
2 0 0 0 42333328 14071301
0 27356568 35002786 0 0 0
1 230754971 0 34142153 0 0
2 0 0 0 202908406 335040
2 0 0 0 133354692 91330872
1 77169830 0 41836519 0 0
1 168041035 0 13829939 0 0
1 11930618 0 45738708 0 0
1 115543192 0 41967549 0 0
0 234190212 34197916 0 0 0
2 0 0 0 45164535 9475282
2 0 0 0 4184381 12645235
2 0 0 0 6579206 1476189
2 0 0 0 8014676 40735831
0 96974064 21326502 0 0 0
2 0 0 0 62276286 3056020
1 1282079 0 127933245 0 0
2 0 0 0 273031 27093892
0 1205159 29388464 0 0 0
0 5345781 85665530 0 0 0
1 24323496 0 3470873 0 0
1 1833198 0 351215 0 0
2 0 0 0 5164192 82279056
1 102119657 0 56789 0 0
1 80241507 0 70374 0 0
2 0 0 0 9725820 67219960
1 123583416 0 50426303 0 0
1 21137377 0 28190005 0 0
1 23919499 0 2477373 0 0
1 13384216 0 35555212 0 0
0 4888099 26206536 0 0 0
2 0 0 0 94811807 19032674
2 0 0 0 1288137 11060178
0 360320506 96842550 0 0 0
0 94105152 116130869 0 0 0
0 2496908 58836813 0 0 0
1 63633502 0 66290267 0 0
2 0 0 0 163326 1558753
0 144947972 21165629 0 0 0
1 91645317 0 149828703 0 0
0 26086642 25352906 0 0 0
0 655947 10208196 0 0 0
0 89503806 19574662 0 0 0
0 21704407 60813459 0 0 0
1 173492238 0 32759923 0 0
0 55934881 10667383 0 0 0
1 17371424 0 2425882 0 0
0 11212664 8765685 0 0 0
1 75139895 0 96241180 0 0
0 58114354 2424652 0 0 0
1 51139886 0 71559439 0 0
2 0 0 0 87096485 69802418
1 6967299 0 10659398 0 0
1 213534189 0 74039428 0 0
2 0 0 0 25151447 22014127
1 10662606 0 1657659 0 0
2 0 0 0 21236144 92708616
0 139494110 31225160 0 0 0
0 132412318 98357303 0 0 0
0 406129298 54888513 0 0 0
0 13686149 27994874 0 0 0
2 0 0 0 50928843 3243870
0 19301273 5178930 0 0 0
2 0 0 0 106474407 2084729
0 75569821 13255629 0 0 0
2 0 0 0 64131289 112680894
0 60525337 4621160 0 0 0
2 0 0 0 2145032 5196795
1 228433079 0 5763776 0 0
0 8500806 227377 0 0 0
1 1210624 0 35413677 0 0
1 176174790 0 4700280 0 0
1 59148192 0 144185728 0 0
2 0 0 0 170382577 175794418
1 4915605 0 38834989 0 0
2 0 0 0 34580320 5580424
2 0 0 0 965709 36642677
2 0 0 0 5659548 330216105
1 33491404 0 1644631 0 0
1 134104911 0 8568751 0 0
1 37119138 0 191461784 0 0
2 0 0 0 183083093 49039227
2 0 0 0 82178359 174772953
1 94110575 0 89878999 0 0
2 0 0 0 11709113 51789642
2 0 0 0 223098943 44672722
0 94457180 28833613 0 0 0
2 0 0 0 2254856 45692160
0 29659166 1496787 0 0 0
0 58383685 18343316 0 0 0
0 31206051 10309649 0 0 0
0 30124442 14054885 0 0 0
1 73052738 0 10909128 0 0
1 534476 0 5027437 0 0
1 74247821 0 41265679 0 0
2 0 0 0 97727083 97392106
2 0 0 0 15973320 86947477
2 0 0 0 65335776 92055873
1 2602140 0 23455414 0 0
1 228945848 0 16650466 0 0
2 0 0 0 96128719 200814856
1 15712959 0 201243981 0 0
2 0 0 0 93170398 27386164
0 49137240 70508627 0 0 0
0 12699472 3354596 0 0 0
2 0 0 0 54876421 3894255
0 763031 20931612 0 0 0
0 52733580 10191584 0 0 0
2 0 0 0 24542500 263839289
0 14727599 49942034 0 0 0
1 5776372 0 55062892 0 0
2 0 0 0 135165324 43327593
1 1885298 0 11818886 0 0
0 38228860 20156971 0 0 0
2 0 0 0 41917471 2069511
0 11146303 17268999 0 0 0
2 0 0 0 77325 11910467
0 16787872 16751584 0 0 0
2 0 0 0 7381010 990408
0 427883643 26383528 0 0 0
0 150991740 12090160 0 0 0
0 172608801 109362796 0 0 0
1 3768996 0 110201181 0 0
2 0 0 0 22017385 16936837
2 0 0 0 66601083 420095036
1 86623941 0 948535 0 0
2 0 0 0 334670 764753
1 4301728 0 59049738 0 0
0 1763378 18937 0 0 0
1 39746043 0 1907830 0 0
0 110993904 108893655 0 0 0
0 6104144 1833180 0 0 0
1 2638930 0 1977562 0 0
1 25853931 0 865761 0 0
1 6248801 0 112693273 0 0
0 23664172 8224528 0 0 0
1 201883315 0 354526286 0 0
1 2266537 0 135221247 0 0
0 29563197 49468703 0 0 0
0 5609542 130591057 0 0 0
0 8038107 762904 0 0 0
0 15115892 57339545 0 0 0
0 25050798 74023985 0 0 0
0 391271236 28784971 0 0 0
1 6816325 0 18776020 0 0
2 0 0 0 74536308 17908293
2 0 0 0 10058307 34481055
2 0 0 0 4877566 101779904
1 1735697 0 4792493 0 0
0 1924507 144236041 0 0 0
0 3947009 87920140 0 0 0
1 93307184 0 69891716 0 0
0 4072117 29461486 0 0 0
2 0 0 0 23422762 8423393
0 21898425 117480331 0 0 0
0 82936911 29297036 0 0 0
1 263360230 0 59232381 0 0
0 123479522 3318997 0 0 0
2 0 0 0 69883272 110732434
1 85075870 0 34054080 0 0
1 15985249 0 38126045 0 0
1 496199 0 71460117 0 0
1 5152429 0 29778356 0 0
1 203729606 0 27582917 0 0
2 0 0 0 2855455 78453497
1 11991181 0 24536521 0 0
1 8172572 0 107789619 0 0
0 20896501 29797513 0 0 0
0 3439393 37430783 0 0 0
0 126003966 324704778 0 0 0
1 62877841 0 10021439 0 0
1 40042791 0 2933765 0 0
1 28711196 0 32386504 0 0
2 0 0 0 2717633 8655030
2 0 0 0 13571843 1729053
2 0 0 0 32678676 58828528
0 3175234 404815 0 0 0
1 1041569 0 770040 0 0
2 0 0 0 16394113 17685853
0 9008445 125021558 0 0 0
0 7086273 48300519 0 0 0
2 0 0 0 14006681 170268786
2 0 0 0 3297200 50838
1 948593 0 34389364 0 0
0 169561537 7958178 0 0 0
2 0 0 0 315282529 64843674
2 0 0 0 113551318 298552590
0 5996176 29673638 0 0 0
1 7617158 0 40623684 0 0
2 0 0 0 58537239 97160320
2 0 0 0 1523149 46212700
1 184702481 0 104819 0 0
2 0 0 0 48847798 100732158
0 130381339 53623695 0 0 0
1 19460763 0 64755757 0 0
0 1524126 66227169 0 0 0
2 0 0 0 9350204 39431170
0 250818049 17604795 0 0 0
2 0 0 0 22115361 7226376
2 0 0 0 98297916 5848985
2 0 0 0 466860 9283157
1 34506856 0 28236166 0 0
0 15973595 124871056 0 0 0
0 178522 123902484 0 0 0
1 30934538 0 992776 0 0
0 4787698 62186029 0 0 0
1 50756904 0 58300860 0 0
2 0 0 0 1708379 39343058
0 2751277 47841017 0 0 0
0 4349245 3568772 0 0 0
2 0 0 0 20418154 1102439
1 25896395 0 10981720 0 0
2 0 0 0 168655255 86317919
1 34166296 0 21899852 0 0
2 0 0 0 1798521 36698477
0 11572556 73807828 0 0 0
0 70210412 79320 0 0 0
1 47143487 0 39326 0 0
1 118766472 0 1018473 0 0
0 85110178 3308044 0 0 0
0 2199556 18614044 0 0 0
1 224635 0 442665825 0 0
0 3801844 35335120 0 0 0
0 328670549 38380865 0 0 0
1 1479035 0 23110493 0 0
0 107674784 20867984 0 0 0
0 17254753 31405 0 0 0
2 0 0 0 18476813 24939712
2 0 0 0 255763851 11885550
1 1808817 0 19489689 0 0
1 85133898 0 1698235 0 0
2 0 0 0 75085765 382964643
2 0 0 0 60521244 37556810
0 11173728 9165457 0 0 0
2 0 0 0 99224580 167158734
0 85384594 19122159 0 0 0
0 18150498 318846466 0 0 0
1 13084640 0 174353858 0 0
0 48365456 79987028 0 0 0
1 4462879 0 67288111 0 0
0 2813381 169253 0 0 0
2 0 0 0 1387324 3419009
0 36006940 14792142 0 0 0
1 1376273 0 22154329 0 0
0 2765859 175992387 0 0 0
1 17345380 0 628785 0 0
2 0 0 0 5365412 4381256
0 4613443 35257648 0 0 0
1 72693586 0 1520476 0 0
2 0 0 0 1445894 84829154
1 23088021 0 14915811 0 0
2 0 0 0 6304324 56253779
2 0 0 0 139771608 908964
1 25468948 0 10711 0 0
0 159965813 47355306 0 0 0
0 16862013 25970509 0 0 0
1 230877775 0 63140410 0 0
1 192059 0 47109705 0 0
2 0 0 0 324432793 56677044
2 0 0 0 27890793 19512506
2 0 0 0 1059890 5056702
1 22374802 0 612082 0 0
2 0 0 0 104347598 9055951
0 3466034 831200 0 0 0
2 0 0 0 195535134 6524204
1 282395526 0 151406883 0 0
1 7647808 0 14957716 0 0
0 20043864 44159913 0 0 0
2 0 0 0 48183200 103093604
1 1300499 0 88832835 0 0
0 55309876 1150961 0 0 0
1 51774314 0 38554534 0 0
2 0 0 0 11492794 6844225
2 0 0 0 23070037 50635752
1 4398546 0 1070682 0 0
1 411546 0 580478361 0 0
0 60473682 1700458 0 0 0
2 0 0 0 42263121 13779878
1 65888704 0 297132 0 0
1 11508411 0 89512331 0 0
1 38241049 0 47965055 0 0
0 50156 45562503 0 0 0
1 18131277 0 2392581 0 0
2 0 0 0 25531156 39216081
1 65137003 0 239304622 0 0
2 0 0 0 56530871 50282511
1 2100990 0 17558202 0 0
0 65103951 13465187 0 0 0
0 83815292 1873307 0 0 0
2 0 0 0 66179832 1599430
1 168675774 0 175625 0 0
1 204017 0 212645599 0 0
1 193209 0 35893474 0 0
2 0 0 0 8766738 97396802
0 5444000 7739700 0 0 0
1 163145606 0 118853687 0 0
1 228481258 0 25298605 0 0
1 11939491 0 60009705 0 0
2 0 0 0 92541743 40069909
1 1996627 0 292538 0 0
1 75720729 0 26444971 0 0
2 0 0 0 53133461 65358465
1 2102868 0 41148236 0 0
2 0 0 0 235166478 14879546
2 0 0 0 208235817 89163138
0 25765929 5005325 0 0 0
0 42582677 96077940 0 0 0
0 447271 2232307 0 0 0
2 0 0 0 218320276 23683526
2 0 0 0 6943034 33119119
0 11377609 104233818 0 0 0
1 77433488 0 426522567 0 0
1 110336301 0 94992427 0 0
2 0 0 0 109887 4779212
2 0 0 0 97395597 24840593
2 0 0 0 3978 269062
0 207627 2240897 0 0 0
0 26876633 61057766 0 0 0
1 348880054 0 12469687 0 0
0 61272832 11375331 0 0 0
0 10607420 81884487 0 0 0
0 390192855 64424554 0 0 0
1 35741716 0 72567531 0 0
2 0 0 0 18722472 192314495
0 304581298 78175720 0 0 0
1 56357331 0 2388033 0 0
1 12366454 0 2129295 0 0
0 106766736 30990064 0 0 0
1 80355350 0 304691 0 0
2 0 0 0 14585832 306417287
0 36210552 124033050 0 0 0
2 0 0 0 135581148 39664414
0 29354498 17946789 0 0 0
2 0 0 0 41399452 14828883
2 0 0 0 33249490 64540675
1 28419765 0 1296035 0 0
0 6703006 32168546 0 0 0
996
0 777 646
0 646 502
0 777 298
0 502 449
0 449 59
0 646 82
1 777 667
0 449 620
0 620 553
0 59 65
0 667 796
0 65 199
0 646 736
0 646 189
0 59 340
0 620 687
0 298 210
0 82 273
0 82 48
0 65 600
1 48 629
0 667 775
0 82 80
0 273 380
0 646 431
0 600 186
0 646 850
0 82 740
0 667 731
0 629 768
0 48 855
0 740 271
0 186 897
0 48 492
0 431 566
0 431 129
0 431 278
0 553 111
0 502 351
0 186 377
0 492 56
0 278 195
0 340 300
0 300 398
0 210 894
0 199 78
0 796 490
1 351 262
0 78 539
0 273 74
1 65 780
0 600 46
0 56 347
0 271 797
0 80 310
0 195 597
0 490 516
0 597 227
1 796 336
0 777 436
0 347 32
1 377 304
0 298 644
0 740 250
0 186 357
1 740 729
0 186 862
1 59 571
0 262 241
0 298 153
1 241 642
0 553 84
0 490 577
0 380 833
0 731 633
0 78 27
0 241 176
0 65 609
0 490 196
0 176 759
0 129 602
0 298 81
0 189 509
0 298 473
0 81 779
0 633 677
0 129 617
0 600 585
0 176 720
1 186 440
0 431 370
0 250 251
0 251 663
0 833 197
0 797 647
0 449 374
0 780 622
0 731 896
0 539 679
0 350 789
0 135 399
0 357 192
0 317 468
0 883 144
0 794 478
0 710 414
1 522 601
0 608 798
0 815 789
0 886 393
0 94 224
0 118 738
1 42 289
0 228 649
0 389 485
0 485 37
0 747 776
0 58 49
1 446 463
0 767 113
0 469 844
0 847 95
0 466 605
0 90 139
0 566 163
0 835 342
0 44 281
0 812 424
0 281 163
0 324 628
0 764 39
0 835 587
0 471 361
0 2 21
0 574 691
0 876 837
0 354 535
0 142 523
0 157 814
0 509 583
1 809 482
0 430 334
0 624 542
1 485 778
0 642 71
0 509 295
1 641 861
1 457 628
0 10 608
0 547 352
0 663 379
0 287 606
1 788 224
0 447 61
0 311 411
0 277 75
0 827 588
0 197 286
0 844 628
0 114 6
0 653 252
1 780 178
0 159 24
0 867 83
0 40 174
0 135 349
0 654 224
0 676 220
0 672 279
1 637 778
0 724 166
0 285 219
0 84 590
0 547 413
0 790 457
1 116 311
0 143 182
0 386 459
1 64 416
0 416 22
0 408 359
0 735 16
0 73 314
0 694 635
0 576 22
0 246 10
0 750 601
0 379 37
0 132 854
1 129 599
0 180 211
0 197 386
1 243 13
0 895 766
0 839 24
0 52 588
0 642 352
0 673 520
0 34 895
1 284 456
0 119 221
0 396 804
0 44 285
0 567 259
0 699 296
0 538 346
0 508 814
0 435 14
0 90 360
0 328 500
1 427 891
0 293 261
0 82 874
0 161 576
0 331 381
0 439 411
1 213 216
0 362 718
0 291 828
1 98 767
0 188 163
0 176 232
1 294 882
0 39 599
0 747 635
0 870 406
0 815 247
0 752 156
0 338 422
0 875 95
0 587 861
0 205 429
0 434 109
0 369 815
0 706 324
0 49 117
0 159 639
1 627 578
0 258 690
0 578 580
0 162 61
0 662 478
1 475 392
0 565 12
1 72 85
0 666 230
0 733 578
1 547 771
0 777 516
0 9 466
0 14 469
0 671 14
0 87 827
0 501 163
0 820 854
0 638 691
0 290 297
0 445 378
0 634 536
0 586 4
0 287 875
1 565 706
0 428 891
0 156 342
0 91 581
0 655 471
0 90 261
0 306 75
0 267 292
0 163 406
1 292 639
0 646 873
1 386 574
0 491 373
0 352 593
0 466 738
0 424 378
1 376 260
0 485 117
0 247 844
0 420 385
0 363 532
1 1 884
0 279 580
0 490 631
0 348 514
0 509 574
0 317 217
0 858 783
0 653 117
0 571 771
0 321 594
0 131 178
1 753 417
0 292 136
0 402 792
0 369 476
0 139 778
0 384 816
0 284 313
0 613 852
0 208 237
0 528 26
1 675 846
0 10 282
0 229 247
0 550 456
0 679 513
0 285 456
0 768 108
0 28 784
0 208 439
0 570 456
0 223 20
0 760 22
0 861 625
0 551 236
1 114 472
0 765 116
0 508 658
0 819 460
0 618 322
1 753 34
0 124 284
0 823 576
0 674 636
0 763 308
0 431 19
0 30 716
0 516 266
0 248 748
0 157 395
1 232 34
0 487 705
1 708 526
1 847 373
0 558 485
1 133 171
0 29 795
0 817 564
0 852 83
0 811 813
0 629 360
1 839 866
0 120 413
0 400 101
0 804 792
0 382 888
0 738 625
0 746 499
1 750 692
0 748 722
0 159 596
0 718 708
0 256 628
0 224 49
0 260 599
0 559 244
0 809 22
0 595 337
0 492 503
0 507 625
0 606 439
0 68 291
0 551 652
0 400 16
0 68 88
1 893 639
0 452 457
0 604 437
0 579 649
0 852 456
0 884 888
1 13 580
0 308 161
0 163 844
0 196 852
0 641 827
0 49 83
1 334 612
0 135 401
0 328 530
0 367 588
0 712 501
0 344 482
0 269 518
0 272 786
0 876 554
1 345 497
0 320 339
0 302 101
1 90 599
0 106 181
0 346 739
0 450 12
0 115 791
0 260 411
0 185 807
0 136 506
0 573 308
1 104 443
0 341 452
0 417 574
0 270 767
0 380 179
0 181 714
0 570 576
0 10 87
0 836 854
0 325 30
0 7 542
0 847 739
0 26 174
0 225 635
1 731 707
0 631 823
0 865 51
1 180 161
0 894 231
0 395 183
1 732 216
1 598 819
1 656 593
0 638 105
1 340 750
0 304 835
0 230 296
0 400 138
0 115 726
0 553 531
1 672 468
0 686 649
0 890 513
1 375 588
0 130 487
0 285 361
1 506 258
0 821 6
0 215 466
0 333 708
0 398 610
1 890 636
1 766 244
1 759 54
1 719 822
0 677 430
0 165 389
0 733 745
0 110 478
0 23 823
0 203 405
0 11 279
0 390 403
0 714 599
0 847 254
0 270 167
0 75 504
0 885 400
0 551 689
1 184 813
0 547 242
0 210 613
0 326 671
1 297 871
0 115 613
0 644 338
0 303 469
0 77 452
0 870 44
0 361 406
0 179 581
0 36 593
0 618 616
0 410 692
1 569 820
0 421 439
0 754 103
0 86 15
0 144 259
1 599 14
0 216 456
0 411 452
0 19 145
0 51 604
0 585 345
0 837 276
0 867 786
0 569 334
0 686 817
0 860 700
0 751 72
1 339 285
0 567 791
0 151 789
0 737 282
0 31 547
0 720 183
0 184 784
1 659 1
0 835 324
0 594 476
0 617 268
1 848 528
0 112 865
0 772 876
0 788 132
0 308 413
0 259 478
0 696 656
0 455 763
0 765 22
1 775 272
0 306 854
0 616 257
0 454 155
1 870 541
0 532 782
0 841 653
0 704 75
0 773 242
1 620 758
0 304 654
0 849 628
0 186 534
0 630 220
0 50 559
0 865 92
1 585 798
0 752 69
0 12 117
0 651 535
0 620 225
0 485 37
0 867 476
0 673 568
0 379 659
0 89 203
0 648 575
0 739 244
0 489 4
0 40 526
0 332 92
0 847 816
0 560 23
0 800 708
0 859 472
0 431 534
0 118 134
0 311 782
0 768 650
1 689 39
0 783 257
0 261 389
0 472 324
0 104 717
0 846 429
0 414 506
0 791 849
0 137 15
0 879 608
1 448 541
0 130 651
1 828 513
0 73 14
0 569 256
1 630 163
0 550 462
0 424 451
0 808 882
0 4 342
0 188 407
0 671 763
0 606 160
0 203 828
0 660 734
0 260 361
0 791 612
0 594 703
0 614 574
1 306 368
0 641 119
0 405 828
1 385 707
0 685 587
0 781 428
0 812 410
0 580 457
0 245 8
1 346 742
0 811 856
0 78 404
0 209 749
0 703 625
0 695 12
0 219 628
0 391 158
0 405 293
0 348 605
0 255 165
0 708 457
0 373 324
0 673 814
1 461 703
0 674 79
0 342 691
0 429 665
0 352 582
0 731 430
0 559 513
0 245 162
0 392 367
0 337 525
1 544 360
1 206 483
0 319 625
0 530 118
0 163 844
0 457 469
0 316 158
0 528 707
0 841 656
0 512 452
0 276 457
0 333 612
1 571 94
0 524 299
0 683 739
0 109 816
0 528 717
0 580 163
0 282 580
0 817 257
0 594 778
0 29 66
1 589 424
0 552 672
0 252 378
0 864 256
0 771 268
0 184 293
0 495 623
1 582 542
0 73 766
1 810 523
0 26 103
1 713 389
0 467 306
0 591 476
0 65 558
0 429 665
0 365 545
0 757 460
1 762 358
1 461 534
0 104 365
0 710 655
1 706 395
1 858 815
1 467 589
0 164 784
0 32 570
0 217 376
0 557 14
0 133 192
0 417 72
0 368 706
0 177 604
0 601 721
0 866 714
0 179 301
0 371 648
0 571 334
1 300 297
0 873 489
0 425 726
0 857 445
0 572 839
0 191 394
0 601 745
0 608 261
0 874 811
0 229 408
0 591 718
0 686 475
0 240 113
0 742 588
0 661 152
0 776 235
0 287 782
0 770 235
1 474 650
1 554 471
0 428 231
0 31 692
0 42 661
1 341 429
0 863 498
0 645 148
1 778 361
0 667 359
0 171 183
0 408 407
0 119 314
0 637 827
1 587 707
1 89 265
0 735 544
0 673 789
0 318 653
1 143 852
0 846 395
0 67 835
0 149 519
1 270 627
1 335 420
0 2 533
0 859 367
1 221 330
1 360 601
0 15 869
0 504 625
0 808 216
0 232 258
0 543 37
0 97 23
1 622 871
0 604 707
0 181 510
0 432 35
1 538 758
0 326 718
1 17 651
0 860 331
1 536 87
0 717 349
0 479 342
0 316 165
0 57 575
0 403 204
0 376 594
0 297 739
0 552 568
0 459 469
0 355 333
0 335 512
0 120 766
1 480 341
0 323 513
0 630 613
1 253 422
0 82 275
0 314 373
0 338 514
0 341 739
0 593 16
0 633 374
0 596 766
0 797 650
0 518 305
0 156 14
0 731 447
1 79 296
0 627 596
0 206 452
0 291 766
0 631 200
0 631 512
0 365 252
0 22 882
0 227 248
0 697 212
0 729 886
0 704 575
0 834 164
0 121 790
1 233 286
0 787 559
1 752 690
0 3 163
0 533 737
1 766 526
0 57 790
0 181 662
0 742 83
0 193 477
0 740 33
1 72 13
0 175 489
0 277 625
0 502 721
1 167 281
0 102 623
0 512 513
0 173 113
0 602 122
0 392 95
0 604 674
0 854 635
0 257 107
0 478 708
1 893 844
1 509 428
0 208 507
0 418 425
0 877 448
0 64 613
0 434 314
0 566 803
0 312 104
1 141 754
0 429 407
1 422 330
0 669 128
0 267 534
0 893 203
0 621 13
0 224 703
0 227 407
0 187 324
0 730 526
0 445 628
0 709 630
0 497 875
0 87 23
0 310 712
0 308 651
0 684 41
0 394 108
0 510 708
0 164 150
0 629 374
0 247 406
0 359 613
1 192 443
0 258 361
1 378 183
0 297 216
0 291 590
0 77 71
0 60 203
0 595 44
0 715 312
0 821 709
0 153 794
0 225 706
1 805 242
0 712 883
0 503 593
0 244 625
0 383 341
0 340 491
0 642 35
0 48 149
0 739 665
0 249 635
0 49 183
0 99 739
0 686 750
0 572 800
0 500 497
1 286 795
0 529 639
0 111 475
0 805 405
0 130 707
0 91 315
1 182 675
0 835 662
0 308 311
0 786 71
0 234 361
1 207 884
1 621 212
0 351 429
0 354 456
1 15 37
0 344 690
1 44 588
0 862 296
1 40 840
0 290 616
0 345 150
1 648 452
0 495 889
0 44 684
0 245 824
0 355 683
0 523 182
1 706 526
0 421 303
0 575 378
0 572 618
0 470 604
0 369 376
0 687 431
0 606 309
0 635 457
0 618 764
0 577 650
0 630 738
1 864 58
0 705 639
0 377 612
0 311 14
0 830 426
0 630 636
0 212 760
0 777 667
0 438 212
0 623 292
0 219 342
0 340 654
1 776 714
0 478 476
0 436 753
0 242 389
0 36 861
0 367 445
0 94 628
0 868 39
1 428 354
1 834 121
1 387 861
0 427 439
0 487 384
0 333 204
1 76 710
0 626 707
0 523 721
0 841 168
1 565 721
1 453 69
1 710 221
0 378 183
0 259 211
0 461 139
0 742 739
1 256 373
0 570 314
0 832 471
1 583 79
0 369 26
0 529 41
0 346 675
0 452 778
0 499 662
0 245 451
0 428 872
1 191 635
0 536 784
0 198 586
1 625 324
0 45 429
0 14 792
0 749 627
0 534 512
0 268 603
0 612 342
0 534 158
0 60 582
0 488 692
0 410 640
0 380 756
0 318 445
1 837 828
0 778 37
0 676 13
0 790 117
0 50 565
0 19 813
0 97 834
0 763 185
0 743 395
0 45 426
0 891 808
0 313 294
0 121 515
0 522 689
0 864 181
0 316 350
0 406 844
1 184 220
0 310 145
1 121 234
0 368 244
0 181 390
0 691 792
0 461 392
0 803 593
0 85 469
0 70 504
0 507 49
0 243 252
0 312 384
0 344 157
0 659 40
9
0 1 3 4 9 19 25 39 61
