10000
4665 900 5213 2501 8052 
60
180
24 4
17 2
48 0
18 4
58 2
30 0
39 4
22 1
49 3
36 1
48 1
12 1
17 1
11 4
38 4
28 2
6 0
27 3
8 3
1 2
21 0
45 2
15 1
28 1
43 3
48 1
18 1
56 1
12 1
45 2
29 3
52 2
53 4
30 0
26 4
0 3
31 2
45 2
23 0
28 1
58 4
30 4
59 0
27 2
39 3
56 2
5 4
9 2
50 4
44 4
7 2
42 1
25 1
32 4
24 3
9 3
11 3
18 3
2 3
42 0
17 0
6 1
9 1
24 4
21 3
24 4
19 2
59 4
10 4
0 4
53 4
51 4
1 4
44 2
48 4
35 2
59 3
25 0
18 3
19 0
13 2
22 4
33 1
23 4
6 4
15 4
27 2
26 0
5 1
43 4
53 1
0 3
9 2
20 0
15 4
56 1
58 3
42 1
5 4
50 2
31 1
39 3
58 3
10 4
18 3
1 0
28 3
19 4
54 4
18 2
37 0
53 0
58 0
12 4
37 3
4 4
35 0
7 2
1 3
7 1
25 2
22 2
25 1
14 2
54 1
53 2
15 0
40 0
18 0
32 2
38 4
5 0
50 1
19 0
37 1
53 3
22 4
56 2
5 1
19 4
11 2
28 0
2 0
52 2
37 4
26 1
51 3
33 3
45 0
7 2
29 1
28 0
0 4
24 2
20 2
36 3
30 1
55 2
58 4
52 4
25 4
22 0
54 4
57 1
44 4
23 1
46 1
41 0
40 4
10 2
45 1
28 2
18 4
34 4
2 3
54 2
18 4
40 1
27 2
59 4
8
20
100
0 22 8114 0 1 1 
0 2 10882 0 1 0 
0 58 3051 1 1 0 
0 18 5301 0 1 1 
0 7 7035 1 0 1 
0 29 19373 1 1 0 
0 4 8079 1 0 1 
0 2 3973 0 1 1 
0 44 12644 0 1 1 
0 16 5777 0 0 1 
0 44 4970 1 1 0 
0 47 17546 1 0 0 
0 50 1552 1 0 1 
0 10 3503 0 0 1 
0 40 2803 1 0 1 
0 7 1148 0 1 0 
0 29 9812 0 0 1 
0 39 6466 1 0 1 
0 16 1909 0 0 1 
0 0 10025 0 1 1 
1 43 18125 0 0 1 
0 22 1735 0 1 1 
1 14 5243 0 1 1 
0 10 880 0 0 1 
1 2 2127 0 1 0 
1 3 17298 1 0 0 
0 10 7396 1 0 1 
1 58 12044 0 0 1 
1 52 3063 1 1 0 
1 5 1153 0 1 0 
0 55 9188 1 0 1 
1 44 3739 0 0 1 
0 58 127 0 1 0 
0 45 5474 0 1 1 
0 21 3893 1 0 0 
1 44 7965 1 0 0 
1 5 10437 1 0 0 
0 34 11689 1 0 0 
1 11 11161 0 1 1 
1 52 856 1 0 0 
1 2 4073 1 0 0 
1 15 5101 0 1 0 
0 50 882 0 0 1 
1 2 15733 1 1 0 
1 20 15539 0 1 1 
1 14 4231 0 1 1 
1 19 18217 0 0 1 
1 12 9183 0 1 1 
1 30 19756 0 1 1 
0 40 9176 1 0 0 
0 55 1194 1 1 0 
0 22 18473 0 0 1 
1 12 4482 0 1 0 
0 43 11906 1 1 0 
1 0 11780 0 1 0 
1 33 19655 0 1 0 
1 12 1735 0 0 1 
1 1 44 0 1 1 
1 4 12747 0 1 0 
0 7 7634 1 1 0 
0 4 2865 1 1 0 
0 47 9825 0 0 1 
0 19 12471 1 1 0 
1 24 11398 1 0 0 
1 53 16473 1 0 1 
1 27 10831 0 1 0 
0 11 11685 1 0 0 
0 53 11653 1 1 0 
0 39 6141 1 1 0 
1 7 12682 0 1 0 
1 29 5395 0 1 0 
1 1 2100 0 1 0 
0 10 3776 0 0 1 
1 53 8584 1 1 0 
1 55 7206 0 1 1 
1 2 11866 1 1 0 
0 13 8295 0 1 0 
1 5 5125 0 1 0 
1 42 6662 0 0 1 
1 59 9447 0 1 1 
1 55 7165 0 1 0 
1 47 10175 1 1 0 
0 52 19614 0 1 1 
0 54 3945 0 1 0 
1 23 10510 0 1 0 
0 24 19801 0 0 1 
0 25 3135 0 1 1 
0 33 3190 1 1 0 
1 38 2541 0 1 1 
0 56 10970 1 1 0 
0 4 1308 1 1 0 
1 2 8263 0 1 0 
0 58 18768 1 0 1 
1 59 5580 1 1 0 
1 2 2797 1 0 0 
0 25 8729 1 0 1 
1 55 12400 0 0 1 
1 58 2432 1 1 0 
0 59 7598 1 0 1 
1 12 269 1 0 0 
300
1 35257868 76958907 56523677 12746183 8113098 
1 32944974 97872208 2595488 57486868 42201932 
1 60973178 81859590 37520283 81539711 35488984 
0 67540752 9765323 59998537 97273457 19461352 
1 52249303 42898186 87238882 73425568 97877783 
1 2226745 24836972 32589585 44951827 10718883 
2 74388182 12348262 30066746 86604364 25202627 
0 14315431 25859531 29206403 22482288 74407307 
2 84572864 12476841 39537298 22539938 32955280 
1 73555853 14096543 90099276 72856391 49344110 
1 92246630 6784211 27034974 75871256 6507228 
0 61847592 18069030 50229272 29465960 69699775 
2 15075511 1151864 56622825 83972686 51068953 
2 96292768 41661926 26667041 33586896 81190844 
1 19273222 6986597 3325742 69841071 43721877 
2 72853627 39540457 87949681 72655845 55674967 
1 28910697 43473122 15548946 28157315 69030390 
1 35858544 41122812 96773893 13661874 75255433 
1 29536960 2667491 1835543 81288510 38512631 
1 59784827 61202848 65748300 44784500 96273185 
2 14724152 94752188 8274145 36512032 77632588 
2 71902599 64007847 33337537 52063196 377128 
2 11751533 92195652 89333285 13246615 51406527 
1 47231487 46681276 11544200 62638284 68849008 
1 30053241 80976478 55380179 92187353 83595737 
0 1130795 81817920 78760028 67491193 28543214 
2 44770189 45828968 71061666 76827050 99868091 
0 21244456 13999426 70811697 91012412 98333416 
0 7305198 93774593 89726020 29099095 72315633 
2 29370316 12764545 9597771 16648055 30025506 
0 44888164 61704217 65081325 44654402 45140325 
1 19095018 45967030 70116556 83819350 88376459 
2 1289092 94102617 22981360 6249621 20954811 
0 23821224 30514325 14201305 98442838 40478754 
0 29077079 9315134 28037022 51869181 46680510 
0 40072926 75169864 10511333 96114394 64232706 
2 67805006 5415028 47574446 36497783 82094250 
1 25497025 8521563 92675282 81746484 66412759 
2 68641415 22989919 61247192 10314383 76458605 
1 66039624 9251903 55767255 32431335 4985134 
0 9003971 81949650 23236713 64755884 77813311 
2 97410818 61536506 7916661 90443031 65472604 
0 35494829 21343327 83592175 35769401 34694170 
2 55804004 38318500 67167453 68586590 93689839 
2 14857782 52726215 55652960 24249799 62718718 
1 84066734 72149932 44761241 17266043 71077098 
0 50840885 16584565 73635645 33059973 54856709 
0 65038071 28551472 5920855 33098135 72061493 
0 21485204 59666702 36065439 81049753 93791407 
0 34968842 11084740 91258910 21535004 42719496 
0 99793823 46746477 80166718 2112324 29013996 
1 80970772 99388536 10701151 33418313 82625862 
0 25837410 633519 10912703 13778387 35480279 
1 47510860 72889858 43420312 22543622 38374643 
2 64304659 68773407 31179507 67361995 55533852 
2 58800171 26359896 50459020 39857076 82214223 
2 52260086 9744916 712667 87457754 16404599 
2 87057093 54370586 15723832 11919068 28880457 
0 4534340 19550509 62240631 10086506 47091671 
1 69815641 42235806 44487943 89484817 39758383 
2 51122678 57173096 3508947 75984363 23249925 
0 92356427 87869568 53366524 40589414 37796346 
1 52016008 67746562 6940891 37218863 16933094 
2 43760108 91480569 34236621 29267517 60596609 
1 93492496 10128944 40130758 51053681 65414569 
2 44427241 62060150 52957721 72342623 16311664 
2 9714486 76265224 16660296 8137690 16441984 
1 24768566 58019362 82445636 72191649 61258728 
1 76100857 46419502 97011147 48261539 48436154 
0 7835339 64686425 96661926 18597758 76247550 
1 83472449 43013674 17859925 95507489 85757531 
1 78413461 78673226 38315522 53540966 78447520 
1 85774505 21928307 28781040 53301858 97893498 
2 49894501 82132521 9852554 36634051 82658696 
0 96189715 30570123 32956838 64541478 58950929 
0 91905217 77228228 94414298 42779352 15889987 
0 15090646 98529475 82852213 59578707 48747022 
0 90203876 7805016 80879785 96750597 49694578 
0 14913196 21114757 67569607 83588919 46323895 
2 97856086 29469941 49687337 60004633 25874905 
2 8827823 54899503 54221899 42241849 61708226 
0 95921880 75227094 17588555 4324281 13873868 
0 75323132 33189606 90452809 3296198 22725561 
0 19861154 31049337 20287072 97977864 82198308 
0 99536859 2327278 2548681 27316631 22518395 
0 83656736 68312410 1379022 63156486 54545341 
2 29277310 66585959 40900380 32734889 64515321 
0 64360625 55857304 4419283 34315121 24562730 
1 78141875 49388925 32084398 54141828 81906814 
2 5299735 28905460 89296526 62838279 27550766 
0 79447832 83851118 40394285 28927124 8739880 
1 91448215 15830505 89359810 48411766 12980996 
2 81885628 42686200 96479837 28934094 75568736 
0 38911230 39056081 48928530 84631393 6567864 
0 91055920 50041351 83115329 23096020 44505701 
0 33532158 55127366 14124710 13563710 37204200 
1 19808616 58432185 88884309 55439187 19581007 
2 81002153 39386190 50356857 61635334 85730256 
2 56371471 32449565 2288913 93996367 39137814 
1 57455857 43122929 81504703 2814174 46545779 
2 3141903 79206704 37659632 83429788 56316033 
1 869231 66737216 95951141 78156617 83822385 
0 70875260 88042494 73941415 6974906 56944132 
1 26895081 25832197 93340635 61893510 55259705 
0 56556074 44518146 34433630 43330749 89247225 
1 28647245 10333316 80686758 76312356 70113932 
2 48414865 80892431 63081210 61113882 31347899 
0 67531798 36351008 41242985 93376494 75606928 
0 28197840 30902886 467937 64658026 44577154 
1 61727834 36542403 14034666 13833158 20139372 
1 89383906 95772365 58814662 56927614 94779681 
2 34731248 29710415 60721599 20352769 54875801 
0 24462195 35494077 61171532 29657947 44817639 
1 75519856 19150473 19828132 20278625 11356269 
1 66672591 68561413 68049839 12097020 45192022 
0 93116671 85282875 65207978 54292168 38103953 
1 50662620 91759729 68457655 67186147 60457841 
2 65553434 25591687 76825851 92956978 99766687 
2 68846119 68783957 2175894 31177962 81300172 
1 30873576 81545876 60517685 18932378 21391192 
0 1293413 48536593 11331717 83507149 6966180 
2 45238458 9935397 65261686 34722515 11746869 
0 74741759 10774500 13919548 47188319 88879272 
2 85629881 59284667 5973691 16207235 75558720 
2 22324087 94716843 77448857 99202423 53464891 
0 18074620 77358924 19387685 50729151 82923379 
0 76555474 72520543 45595158 16147179 19893593 
2 64611959 489652 5647408 26633715 94749464 
2 92024390 60877930 80340949 94457651 12479586 
1 13525888 39333490 9996561 5238564 20857304 
0 84239323 78806837 14317937 73119123 66132600 
1 88242662 8866636 96233132 84650921 65314426 
0 21449 21653874 80214741 94957531 95267380 
0 80717252 34515432 35554278 76013549 89711240 
2 65627055 56074516 22847944 18583569 34359264 
0 17365913 4543367 83702330 74861279 30982482 
0 61735677 44869881 95636459 56995507 46608502 
0 9591633 58429025 14985184 83673360 80299262 
2 23188512 12650148 45126754 54370123 13209871 
0 88950843 68463950 94571490 28521144 53681584 
2 91920731 3958439 69004124 49682564 10327442 
0 49924135 2450885 63938036 88082198 62580464 
0 87708495 83160708 35115569 39971346 2671549 
0 69444893 78957144 89415410 74205416 79469520 
0 53242007 33269296 25246170 22960376 76814039 
0 71494508 58649397 8755521 36533482 94028931 
2 93808144 48141955 88809959 81023773 78499515 
1 26612226 89599830 46589074 27550371 39990375 
2 66331804 17496880 82368578 59106353 96261617 
1 97839697 71512415 85073079 61390821 81890993 
0 43200132 30729505 7940443 30702918 39202831 
2 97944616 64584035 9864584 12656585 33652273 
0 56410311 53992264 35280792 23461038 6736036 
0 31920453 22560517 24287239 3677719 9361656 
1 52155890 18792775 16644124 51346948 11289422 
2 55407255 43159980 20037193 56071248 41419194 
0 24797537 77053304 6490688 43375712 859086 
0 98574175 27797705 86359244 28679128 75650373 
2 21107431 14138947 65494100 76105002 70792250 
2 43132079 68255325 56205378 46456050 97689450 
1 68060255 69565885 87745664 47382281 72015005 
2 57481990 11551804 45096952 93636751 24483105 
1 12796560 62409223 70318816 34071519 15430558 
1 60926957 26853068 87591013 34222361 61639125 
0 84978782 5597676 71570484 28582870 21936909 
1 85800419 49363752 48830338 95371203 66724891 
2 38361684 64966820 9706670 92588255 50454631 
0 28450559 35727082 81277944 7803657 84214594 
2 40612314 6376142 93181905 72990525 68393894 
0 19546890 21649434 36804687 31635297 16736119 
0 70914230 69767426 38365784 93216497 27861764 
1 61283337 4364263 18929819 18527822 97390458 
1 68662960 33644414 95524253 60310554 78950262 
0 35962469 53964596 96428127 74522190 19390998 
1 59002475 51004130 88700927 23232426 70328321 
0 20906806 46385446 37760153 75202406 2902739 
2 78605268 25802240 34931502 11262470 79746890 
1 27474274 34712371 62516538 19307566 66323109 
0 85950136 70795544 16860011 34698593 19185120 
2 92265347 59891298 95618418 15375023 38875262 
1 6331732 42457380 21824034 11645432 6653233 
1 57522142 37106364 82264218 47999348 33523723 
1 38057487 85356546 13063009 45553268 64714040 
2 40668105 85654047 5071526 17586580 47328782 
0 39452559 90474650 15715102 83714336 5314356 
0 88773202 74296300 71499354 44762027 89152013 
2 92946410 72413261 80637509 52542138 98643986 
0 65655818 26333012 87582916 55563765 81220682 
1 4303023 5254743 89747978 96216832 39211088 
1 58890813 66958881 59576736 38406148 60609348 
2 15087848 31161066 13508082 61581385 60295040 
1 5877758 8669015 27347892 49586133 82896694 
0 9420910 82157353 14595467 65387981 72192694 
2 79578322 45982979 98598472 26299170 50360131 
1 33456167 86462284 28260822 37728875 56872320 
1 86037215 62130697 4478018 77605704 36128349 
2 59021575 72555158 62336195 60867846 70707012 
1 69129188 96675288 62223761 7109666 49681666 
1 94881506 62762981 46349907 57307 20727313 
0 26352754 7311172 9446124 59755420 13552225 
2 30774394 52761851 27524678 79592276 94284612 
0 73745424 72508678 22275340 97232367 18547854 
0 98569805 47367392 84853843 3967301 7719060 
2 93897303 78393219 9140206 11111623 47995078 
0 88236294 40163555 85512285 25311138 60412772 
0 5471018 43142122 17945026 494789 52467957 
0 40230062 96754721 25922602 85676543 76189799 
0 43253394 73472978 64084620 70167314 53550588 
1 82672610 21035173 8375423 92735358 79512055 
2 75468011 76169177 73682598 96353540 26115948 
1 81442237 86618235 46659250 17831938 20458429 
1 23920731 57682934 21259937 87363334 89957804 
2 2530108 86330691 10434574 74064304 78346348 
1 83680473 9480565 13021500 4968761 49376196 
1 27214398 85490737 81470370 93491244 62402753 
0 11586596 92642270 97800550 86848916 83695686 
1 35161205 18296959 94408015 35879705 67932685 
2 80284791 8081459 21580935 41854568 18451725 
0 82656734 39760305 15850800 39681466 93198572 
1 75006697 56060746 94804613 12161929 16893385 
2 63212699 61552704 84824494 85599439 14905082 
2 1898159 22733611 89834297 72512668 33315722 
1 84762187 52357773 79325160 82288897 34639011 
0 66951357 91728571 74412638 763186 22863570 
0 18777384 22039333 89016881 98936951 85635173 
1 29542782 5312032 17867287 54163634 40621269 
1 41885592 90501819 24256972 17571182 32134678 
1 20472211 68030107 68504217 65303628 50891752 
2 37754363 25453672 1771066 56354276 95556880 
1 8172255 60631504 43305131 54950499 97989204 
0 81943761 59521551 1642925 610750 43752534 
2 50216010 74493102 439278 27771183 52883720 
0 73853333 85830135 23945602 84298734 20029702 
2 33086971 61722750 77181999 18967185 70852829 
2 22584027 29255927 67470283 27599231 52197302 
2 57465341 60657850 95415346 58249533 60708973 
1 10540694 67907278 95683923 61564310 32319639 
2 73732751 31452862 28407479 34026964 43428774 
0 51728528 80403830 67517865 62763208 39290213 
0 15946122 10991988 83382692 41951622 37531298 
1 46378360 15053976 78748678 80001112 95589783 
1 88119198 84527233 2061982 46761541 12279665 
2 38177304 39421540 13392436 5025845 49881674 
2 6727777 80626603 62802551 17636542 52258251 
2 59497611 35642502 23042494 26054609 85364184 
0 29819994 75087459 20216372 25105035 43519733 
1 77512331 61365734 44122133 33674791 29752096 
0 93698704 377017 43534752 61819489 89353009 
2 79181362 38334064 80442724 65791379 10857702 
2 54094413 34532402 8935334 30499621 47680144 
1 21019077 82804777 20247635 16236604 46364884 
0 3657741 77816615 5671907 42637349 26999822 
0 66175837 90277163 42547940 69696837 94151427 
1 45223117 32161727 21109807 11573495 8874285 
0 96760970 31358820 62182702 94040842 80557339 
1 75976771 59373728 61689369 10754210 62399640 
1 2712648 53029419 6773927 65262080 36163939 
0 8196512 82319594 75055486 32087321 25583217 
2 95457500 75000333 87268920 84355360 34796376 
2 25017313 43778586 89022660 62735934 9442129 
0 67033715 76835419 37685842 67367142 28135850 
2 42602476 87046121 58058088 22809052 80710186 
2 76539802 48069467 10959542 57780544 58536110 
0 26828512 64412224 38122199 50130012 18840462 
1 99835618 48109626 80362942 46149381 82544548 
2 47015522 74906585 69611984 81745439 99764474 
0 73672794 7790334 99459639 87791830 64802658 
1 69095891 67096356 80580032 89155270 37345350 
2 62753176 8267319 76503096 26347884 2167109 
0 13136556 31474313 16016340 10528465 30832961 
0 48938121 44252444 38543988 83438014 8996213 
2 1091189 82148131 56953016 71656024 1320734 
2 44011855 91989839 56859387 42452621 3560929 
1 89164565 96455043 32117818 6188488 4419401 
0 13204418 24084877 35125865 90806837 36820607 
1 34787949 77205273 89565261 10101743 36298163 
0 11663738 81172965 28238316 88033491 64269230 
0 26617208 34102108 87682587 26047682 97524662 
2 81289069 63074136 83716017 81198621 94839759 
1 47549541 43472584 54356781 72320147 45963560 
2 6070142 34571747 7761301 11054468 49202552 
2 13737836 9557567 34973391 2677178 78317102 
1 17151129 14487150 80099111 68349303 71456450 
1 28439116 30683779 19381046 31096801 99054577 
1 55511853 44815888 17789029 47538906 68215972 
0 26016431 83653302 43474457 56193646 12044870 
1 694556 94202022 17892284 51529755 20344929 
2 55189993 63330336 62682044 26059196 34319583 
0 8550020 26859442 40842024 43334238 41315944 
1 51995345 111289 9322645 24043310 86688685 
1 60864489 76760570 77147796 16279226 72461119 
1 69606561 77016605 43096859 2100533 81793389 
1 12345767 783973 16803266 77186438 67337546 
2 31780386 73299705 55551840 62409447 39111324 
2 43870131 40994305 14190181 33453592 39809426 
1 3106955 66510354 10377342 53196473 48313419 
0 95103258 17363003 19521073 38896784 69877975 
1 5740766 75582063 81914375 32072305 24383359 
1 91806401 16658094 87275537 28149123 63393936 
2 7496882 2322264 2620143 42697595 93702185 
801
0 0 13
0 0 26
0 0 28
0 0 37
0 0 53
0 1 6
0 1 9
0 1 22
0 1 52
1 1 73
0 2 22
0 2 39
1 2 48
0 2 63
0 2 75
0 3 33
0 3 71
0 4 18
0 4 51
0 4 65
0 5 19
0 5 46
0 5 55
0 5 59
0 5 69
0 5 77
0 5 78
0 6 50
0 6 68
0 6 72
0 7 14
0 7 21
0 7 39
0 7 63
0 7 76
0 8 30
0 8 35
0 8 49
0 9 26
0 9 39
1 9 78
0 10 52
0 10 72
1 11 46
0 11 49
0 11 55
0 11 66
0 11 77
1 12 31
0 12 42
0 12 70
0 12 72
0 13 16
0 13 20
0 13 55
0 14 66
0 14 74
0 15 20
0 15 35
0 15 39
0 15 58
0 15 75
0 16 17
0 16 36
0 16 44
0 16 67
0 16 71
0 17 39
0 18 19
0 18 28
0 18 38
0 18 68
0 18 70
0 18 76
0 19 34
0 20 50
0 20 51
1 20 53
0 20 69
0 20 76
1 21 29
1 21 60
0 21 69
0 21 76
0 21 78
0 22 26
0 22 27
0 22 39
1 22 68
0 22 69
0 22 75
0 23 36
0 23 57
0 24 57
0 24 67
0 24 68
0 24 78
0 25 28
0 25 34
1 25 37
0 25 59
0 25 74
0 25 79
0 26 27
0 26 59
0 26 64
0 27 33
1 27 36
0 27 41
0 27 49
0 27 58
0 27 60
0 27 76
1 28 51
0 29 36
0 29 40
1 29 44
0 29 67
1 30 37
0 30 48
0 30 50
0 30 59
0 30 70
0 31 38
1 31 61
0 31 62
0 32 34
1 32 40
0 32 49
0 32 63
0 32 64
0 32 71
0 33 37
0 33 40
0 33 60
1 34 35
0 34 36
0 34 37
0 34 50
0 34 57
1 35 57
0 35 65
0 35 73
1 35 74
0 35 78
0 36 46
0 36 60
0 37 41
0 37 58
0 38 50
0 38 58
0 38 67
0 39 65
0 40 46
0 41 65
0 42 50
0 42 57
0 42 60
0 42 78
0 44 53
0 45 56
0 45 65
0 45 70
0 45 76
0 46 52
0 46 73
0 46 75
0 47 57
0 47 74
0 48 50
0 49 53
0 50 51
0 50 60
0 50 67
1 50 70
0 50 77
0 51 52
0 51 58
1 51 62
0 51 67
1 51 68
0 52 53
1 52 59
1 52 76
0 52 78
0 53 54
0 53 59
0 54 55
0 54 66
0 54 73
0 55 56
0 56 57
0 56 73
0 57 58
1 57 60
0 57 73
0 57 79
0 58 59
1 58 65
0 58 70
0 58 74
0 59 60
0 59 64
0 60 61
0 60 63
0 60 72
0 61 62
0 61 67
0 61 68
0 62 63
0 62 65
0 62 72
1 63 64
1 63 70
0 63 73
0 63 76
0 64 65
0 64 67
0 64 73
0 64 75
0 65 66
0 65 68
0 66 67
0 66 77
0 67 68
0 68 69
0 69 70
0 70 71
0 71 72
0 71 74
0 72 73
0 73 74
0 74 75
0 75 76
0 76 77
0 77 78
0 78 79
0 79 80
0 80 81
1 80 84
0 80 93
0 80 94
0 80 102
0 80 104
0 80 127
0 80 135
0 80 140
0 81 82
0 81 112
0 81 115
0 82 83
0 82 111
0 82 135
0 82 141
1 82 148
0 82 153
1 83 84
0 83 91
0 83 94
0 83 108
0 83 139
0 83 157
1 84 85
1 84 95
0 84 99
0 84 105
0 84 121
0 84 141
0 84 158
0 85 86
0 85 95
0 85 119
0 85 144
0 85 148
0 85 159
0 86 87
0 86 89
0 86 102
0 86 148
0 86 152
0 87 88
0 87 99
0 87 114
0 87 115
0 87 116
0 87 120
0 87 142
1 88 89
0 88 95
0 88 102
0 88 110
0 88 114
0 88 120
0 88 123
0 88 129
0 88 151
0 88 157
0 89 90
1 89 99
0 89 136
0 89 152
0 89 156
1 90 91
0 90 96
0 90 112
0 90 117
0 90 134
0 90 135
0 90 141
0 90 148
0 90 152
1 91 92
0 91 104
0 91 118
0 91 122
0 91 138
1 92 93
0 92 94
0 92 99
0 92 102
0 92 107
0 92 110
0 92 112
0 92 114
1 92 130
0 92 136
0 93 94
0 93 101
0 93 129
0 94 95
0 94 117
0 94 119
0 94 126
0 94 137
0 94 147
0 94 152
1 95 96
0 95 106
0 95 107
0 95 109
0 95 128
0 95 140
0 96 97
0 96 114
0 96 148
0 97 98
0 97 131
0 98 99
0 98 107
0 98 115
0 98 129
0 99 100
1 99 118
1 99 120
0 99 132
1 99 134
0 99 148
0 99 157
0 100 111
1 100 115
0 100 120
0 100 126
0 100 131
0 101 104
0 101 109
0 101 156
0 102 115
1 102 153
0 103 129
0 103 137
0 103 144
0 103 146
0 103 150
0 103 151
0 103 158
0 104 140
1 104 142
0 105 106
0 105 138
0 105 153
0 105 157
0 106 118
0 106 129
0 106 153
0 107 109
0 107 130
0 107 135
0 108 110
0 108 117
0 108 123
0 108 133
0 108 135
0 108 137
0 108 144
0 108 158
0 110 127
0 110 137
0 110 143
0 111 125
0 111 126
0 111 130
0 111 155
1 112 125
1 112 130
0 112 144
0 112 157
0 113 125
0 113 126
0 113 127
0 113 134
0 114 137
0 114 145
0 114 147
0 114 152
0 115 148
0 115 155
0 116 119
0 116 121
0 116 126
0 116 154
0 117 132
0 117 135
1 117 142
0 117 148
0 117 150
0 117 155
0 118 120
0 118 125
0 118 149
0 119 121
0 119 127
0 119 132
0 119 142
0 119 155
0 119 158
0 120 121
0 120 135
0 120 145
0 120 157
0 121 128
0 122 148
0 122 152
0 123 130
0 123 133
0 123 155
0 125 131
0 125 158
0 125 159
1 126 137
0 126 159
0 127 130
0 128 129
0 128 141
0 128 142
0 128 154
0 129 146
0 129 157
0 129 159
0 130 138
0 130 144
1 131 143
0 131 152
0 132 135
0 132 139
0 132 140
0 133 135
0 133 143
0 133 152
0 134 146
0 134 159
0 135 153
0 135 157
0 136 141
0 136 144
1 136 145
0 136 153
0 137 143
0 137 147
0 138 140
1 138 141
0 138 147
1 138 154
0 139 149
0 139 157
0 141 153
0 143 149
0 144 151
0 147 148
0 149 153
0 151 154
0 151 159
0 158 159
0 160 176
0 160 182
0 160 187
0 160 213
0 160 236
0 160 238
0 161 163
1 161 170
0 161 187
0 161 194
1 161 212
0 161 221
0 161 235
0 162 166
0 162 180
0 162 205
0 163 168
0 163 176
0 163 184
0 163 225
0 163 236
1 164 173
0 164 215
0 165 172
0 165 173
0 165 184
0 165 187
0 165 212
0 165 214
1 165 224
0 166 174
0 166 177
0 166 183
0 166 203
0 166 226
0 166 227
1 167 169
0 167 185
0 167 190
0 167 208
0 168 174
0 168 186
0 168 188
0 168 203
0 168 209
0 168 212
0 168 235
0 169 193
0 170 186
0 170 187
0 170 189
0 170 198
1 170 201
0 170 206
0 170 208
1 170 211
0 170 232
0 171 172
0 171 193
0 171 207
0 172 208
1 172 215
0 173 184
0 173 198
0 173 199
0 173 210
0 173 229
0 173 234
0 174 203
0 176 179
0 176 187
0 177 181
0 177 201
0 177 209
0 177 216
0 178 202
0 178 220
0 178 226
0 178 237
1 179 221
0 180 192
0 180 196
0 180 236
0 181 197
0 181 209
0 181 221
0 181 238
0 182 212
0 182 223
0 183 185
0 183 200
0 183 208
1 183 228
0 183 231
0 183 233
1 184 193
0 184 195
0 184 200
0 184 201
0 184 221
1 184 233
0 184 239
0 185 189
0 185 207
0 185 215
0 185 216
0 185 224
0 186 197
0 186 207
0 187 196
1 187 236
0 188 203
0 188 211
0 188 217
0 189 206
0 189 215
0 189 224
0 190 193
0 190 198
0 190 202
0 190 205
0 190 228
0 190 229
0 190 231
0 191 220
1 191 225
0 192 211
0 192 218
0 192 224
0 192 227
0 193 214
0 193 215
0 193 221
0 193 239
1 194 195
0 194 208
0 195 200
0 195 201
0 195 204
0 195 213
0 195 215
0 195 221
0 195 229
0 195 238
0 196 216
0 196 237
0 197 231
0 198 222
0 198 223
0 199 222
0 200 209
0 200 214
0 200 223
0 200 237
0 201 228
0 201 231
1 201 238
0 202 217
0 202 218
0 202 238
0 203 205
0 203 210
0 204 209
0 204 227
1 206 215
0 207 222
0 207 227
1 208 228
0 208 234
0 209 232
0 210 220
0 210 221
0 210 228
0 211 217
0 212 213
0 212 220
0 214 219
0 214 223
1 214 225
0 214 231
1 215 235
0 217 231
0 218 219
0 218 229
0 220 236
0 220 239
0 221 228
0 221 229
0 221 232
1 225 229
0 226 233
0 227 239
0 229 235
0 229 237
0 230 234
0 236 237
0 240 254
0 240 259
0 240 268
0 240 298
0 241 292
0 242 245
0 242 252
0 242 299
0 243 254
0 243 256
0 243 262
0 243 264
0 243 267
0 243 271
0 243 291
0 244 257
1 244 270
1 244 277
0 244 279
0 244 289
0 245 277
0 245 283
0 245 289
0 246 262
0 246 274
1 246 288
0 246 293
0 247 253
0 247 277
0 247 283
0 248 250
0 248 258
0 248 269
0 248 282
0 248 286
0 249 251
0 249 257
0 250 275
0 250 291
0 250 295
0 251 262
0 251 292
0 252 270
0 252 271
0 252 290
0 252 299
0 253 268
0 253 280
0 253 283
0 253 286
1 253 295
0 253 299
0 254 260
0 254 261
0 254 287
0 254 292
0 254 293
0 254 294
0 255 265
0 255 267
0 255 273
0 255 283
0 255 289
1 256 289
0 257 279
0 258 263
0 258 267
0 258 281
0 258 285
0 258 298
0 259 262
1 259 280
0 260 286
1 261 265
0 261 275
0 261 282
0 261 299
0 262 294
0 263 272
0 265 267
1 265 270
0 265 278
0 265 288
0 266 280
0 267 296
0 268 278
0 269 274
0 269 276
0 270 288
1 271 295
0 272 295
0 273 276
0 274 282
0 274 290
0 274 293
0 275 280
1 275 283
0 275 293
0 276 286
0 279 284
0 280 288
0 280 291
0 280 292
1 281 287
0 282 291
0 282 295
0 283 286
0 284 288
0 285 299
1 287 288
0 287 294
1 287 297
0 294 297
50
171 176 181 185 187 190 191 193 197 201 203 206 209 212 216 220 222 224 225 226 227 228 230 231 232 233 234 235 236 237 238 247 250 256 262 269 275 280 287 297 302 311 316 326 329 336 342 345 347 351 