100000
5295 958 2358 6432 9917 
60
180
19 3
29 3
19 2
59 2
3 4
37 4
55 3
59 3
34 3
46 2
33 1
3 1
14 4
22 2
17 3
20 0
11 4
20 3
37 3
38 1
7 0
53 3
58 1
42 4
26 3
8 2
12 0
54 2
47 0
43 2
41 3
0 1
5 1
43 3
18 3
3 0
47 1
20 0
21 1
12 1
36 2
10 0
38 3
38 1
16 1
33 2
6 1
55 2
13 2
58 0
43 0
41 4
38 2
13 2
37 1
10 0
8 3
17 4
10 0
56 4
12 1
42 4
7 2
17 0
58 1
26 2
25 0
32 2
46 1
20 0
2 1
27 3
1 4
36 4
58 2
31 3
4 4
2 0
6 1
23 4
14 1
46 2
43 4
49 2
41 0
33 3
32 2
19 4
45 1
51 2
0 3
55 1
4 4
3 1
17 2
52 0
3 4
10 1
36 4
23 2
44 4
9 4
18 4
15 0
6 2
46 2
49 4
5 1
36 1
31 3
57 4
36 0
50 0
3 2
51 1
46 2
15 1
43 2
49 3
22 3
5 0
6 3
12 2
24 4
0 0
9 4
29 4
0 0
11 1
56 2
25 0
27 2
21 1
7 1
42 0
28 2
2 1
54 2
15 3
32 0
28 2
26 4
7 4
39 4
10 1
58 0
30 1
57 1
40 2
34 4
10 1
17 2
36 2
31 0
16 2
22 2
7 3
49 4
53 2
25 0
18 1
15 0
50 0
4 1
58 2
39 1
32 1
38 3
57 4
52 3
1 2
17 2
42 1
30 3
24 2
22 1
5 1
41 0
1 1
57 4
10
100
100
0 48 7140 1 1 0 
0 7 1034 1 0 1 
0 45 7299 0 1 1 
0 37 1553 1 0 1 
0 40 6782 1 1 0 
0 25 4139 1 1 0 
0 15 1534 0 0 1 
0 2 5234 1 0 0 
0 11 12151 0 1 1 
0 21 18638 1 0 1 
0 31 19027 1 1 0 
0 58 11251 0 1 0 
0 30 15535 1 1 0 
0 18 4968 1 0 1 
0 12 2148 1 0 0 
0 27 13014 1 0 1 
0 42 12366 1 1 0 
0 28 1847 1 1 0 
0 57 2346 0 0 1 
0 28 10509 0 1 1 
0 15 14890 1 1 0 
0 19 2234 1 0 0 
0 45 17617 0 1 1 
0 28 19625 1 1 0 
0 48 5705 1 0 1 
0 9 11140 1 0 1 
0 30 10943 1 0 0 
0 19 9618 0 1 1 
0 44 7172 1 1 0 
0 53 14030 0 0 1 
0 23 7899 0 0 1 
0 3 10712 1 0 1 
0 51 5516 1 0 0 
0 26 4781 1 0 0 
0 15 2571 1 0 0 
0 33 17929 0 1 0 
0 36 7760 1 1 0 
0 44 3171 1 0 1 
0 56 8766 0 0 1 
0 40 835 0 0 1 
0 46 7711 1 1 0 
0 2 9626 1 0 1 
0 50 8139 1 1 0 
0 2 8684 0 1 0 
0 6 3435 1 1 0 
0 24 7182 0 0 1 
0 4 6328 1 1 0 
0 9 8320 0 1 0 
0 52 11375 1 0 1 
0 58 6889 0 1 0 
0 8 13375 0 0 1 
0 36 11113 0 0 1 
0 57 785 1 0 0 
0 29 5365 0 0 1 
0 6 15662 0 0 1 
0 23 8437 1 0 1 
0 39 7306 0 1 1 
0 5 14541 0 1 1 
0 40 19950 0 1 0 
0 36 3013 0 1 0 
0 45 8901 1 0 1 
0 39 11444 0 0 1 
0 27 9062 0 0 1 
0 11 1986 0 1 1 
0 14 11911 1 0 1 
0 4 17866 1 0 1 
0 1 863 1 1 0 
0 47 5940 1 0 0 
0 21 15982 0 0 1 
0 15 10523 1 1 0 
0 9 4555 0 1 1 
0 45 9429 1 0 1 
0 35 9467 1 0 1 
0 3 7290 1 1 0 
0 8 385 0 1 0 
0 33 7682 0 0 1 
0 24 11284 0 1 0 
0 0 5454 1 0 0 
0 18 7884 1 0 0 
0 24 5523 1 0 0 
0 10 14213 1 1 0 
0 51 523 0 1 0 
0 47 14245 1 0 1 
0 2 109 1 0 1 
0 58 7783 1 1 0 
0 55 14756 1 1 0 
0 7 7517 0 0 1 
0 36 2102 0 1 1 
0 56 8036 1 0 1 
0 26 3486 0 1 0 
0 35 19455 0 1 0 
0 44 8137 0 1 1 
0 9 19992 0 0 1 
0 12 7176 0 0 1 
0 50 9908 1 0 0 
0 7 7050 1 1 0 
0 16 9051 1 1 0 
0 34 11274 0 1 1 
0 7 9928 0 1 0 
0 22 6394 0 1 0 
1000
2 41073392 57402612 95086011 95562733 60194592 
2 9695351 14167173 60339380 29162220 63930260 
2 41063947 90475959 81304998 60553075 12753799 
0 73277432 77381835 91240469 35517715 43126005 
2 42631440 18251767 30646007 5339498 74188756 
1 9150722 44398576 49934138 84463991 1362679 
2 85278825 25830826 97586941 60939175 58367712 
2 82210063 69477588 76779616 22382477 72226764 
1 93402057 74092438 55721591 73654035 32046960 
2 92329725 19966792 26494940 10031897 74590484 
0 1496606 72396946 14914790 67038341 22283203 
1 98204826 26436694 36299687 536422 35500494 
1 8217210 21807352 7979635 61407449 81993817 
2 16673883 20301165 12506593 6703534 34669059 
1 33314948 32673652 27310435 53002487 83462212 
0 29043575 95260291 46686989 8657996 93428867 
2 34750490 58366393 22597448 97201609 45650905 
1 60394772 32195979 40722731 10338447 26229323 
0 51591198 47079877 87876225 12340827 97052585 
2 29210450 58810318 59115260 28883011 32404842 
0 62261418 80966837 14770331 99140754 23053572 
2 85943625 57318162 73811222 36460112 71171200 
0 78598179 9385821 77728425 66246200 52643445 
2 53991779 79159686 88338328 20184830 4978226 
2 50573276 62169112 13735367 9364824 80529135 
2 6912150 56076790 84361105 30718652 13531166 
1 73239884 92318620 13788712 70402848 31302580 
0 72295782 33973427 16042114 97397886 37282363 
0 27132162 73906085 41778061 73687481 34610963 
0 47072952 44417065 94146684 887311 52366502 
1 87242719 36090075 83622139 3773920 10761353 
0 92666333 98019118 12307919 36740330 9223501 
2 81496890 11755589 642044 63447071 62052860 
1 74375265 19447127 12727875 56888436 6846200 
2 26854908 75861783 54007517 11626224 84190711 
0 69995651 99199492 46384201 8635055 29256344 
1 2977497 89919697 30964127 34984005 51405879 
0 93047385 12976354 96799161 12995520 38562288 
1 88829481 87494874 30183572 44298264 23499501 
2 65123601 53656333 92221670 76201177 7368685 
2 41100310 75686177 92515559 75517197 89426299 
0 65022166 47078687 99939895 75306605 79335237 
0 19660058 89853803 69389433 97723487 58876566 
1 42187574 89240521 89647495 77306034 45385021 
2 36057849 4405845 72929497 15636610 36826135 
1 82723614 87259600 15063285 88700890 90738336 
0 94629827 84813623 96325191 60649787 22664160 
0 34724049 54839164 27412979 26131098 32851792 
0 86791300 98727780 98514425 83855401 64807581 
1 30839132 10413794 78266537 55528131 38156793 
2 27700385 4380543 70068006 75090164 77645131 
0 74934386 58610315 39417364 12142374 43171527 
1 17624608 69528547 76760440 66309006 76990158 
1 70321600 5472361 66706784 32687612 52074295 
2 81507397 90386501 18241016 693337 73232117 
2 72901650 56933911 93283697 80393853 52658261 
1 68974667 26629401 6293914 86134029 95099078 
1 20581596 44024537 9795739 18074483 36072968 
2 44413987 23298162 40972260 53953192 39994340 
0 50492431 23237593 77163245 82357744 62640443 
2 78771329 87811394 99444331 37442270 43383913 
2 7589179 96722312 37837739 81844582 93421567 
2 93980315 96118345 27504929 41962424 8461204 
0 65852523 48735038 88748736 97882329 42513155 
2 59397225 41837344 18506915 35578724 72848910 
2 96558660 74188130 20477774 5952994 49220590 
1 44389703 75575314 33972486 86368106 39637442 
1 20156487 24693955 35642291 50963383 35431806 
2 26224194 87523017 52430551 57078456 29314156 
0 5075023 1471468 56633484 96309373 52102787 
2 85165700 55045120 56412496 67921231 38227319 
1 95331739 60821139 7984801 70715784 30302977 
0 17129870 7895213 68121059 25126514 5379267 
1 81344262 77585533 8309964 21693525 25891110 
2 15711812 17214564 29753779 34631835 54862937 
0 28991033 66078560 7165227 20396391 41469661 
1 31817982 33444838 72827029 44263096 39227980 
2 29212927 33383352 94283836 81907274 14492179 
1 78368787 54396694 45212837 58822732 21014063 
0 55195906 52074881 44983228 29913447 92852253 
0 58332830 26776262 59544220 62589322 42370276 
0 11080344 9567054 9325153 46074488 91049909 
1 23735656 12219425 19684968 80765844 59571892 
2 20619880 18125130 48846270 88304304 34640516 
1 42354498 38644124 24651441 23354701 24069877 
2 47531539 40966131 32722170 60164857 23686467 
1 17389872 46427566 52206167 99849869 62300575 
0 59013669 50016433 97341724 60732889 51355335 
0 74444337 20064199 58370053 39862935 41605285 
2 14231027 26362015 401179 69489370 94413215 
1 12631446 56427828 9800563 42463262 98164464 
1 8672571 72097055 27485945 7273606 46471945 
1 21088530 12350206 44194028 80125499 8266819 
2 47355799 44012040 70520968 38348892 76775275 
0 17279509 95580383 45010734 14213160 70389630 
2 88323629 74005908 54688431 77346115 5294229 
1 71570965 86041311 16636872 1994390 66114288 
1 6961430 13263965 1866319 42420845 42108782 
1 10645697 5489215 24024695 13992439 38489023 
0 56067964 50191360 61896716 19846049 69148640 
0 94727523 71319479 30828089 12261914 51669643 
1 53517916 47250501 7076266 15900263 49162023 
1 79074003 99039795 37605128 2908902 91477975 
2 57221990 22619615 39745993 75220880 6545087 
0 82416328 2519186 61902979 58171673 59543776 
1 3246723 6497817 17122325 43653640 86074800 
0 31499124 97896726 12941549 76473937 25763812 
1 35495644 52796436 62476109 92708349 12702182 
1 68625056 51517572 38924096 12442835 70409233 
0 53512308 61215838 37702061 48901043 34106582 
1 97757132 28356905 86187094 24695745 55535242 
0 24917954 71018760 86085537 62741165 40928675 
0 95460097 35936823 2163273 25612739 27302470 
1 57686975 85014407 15005897 62922727 50738551 
2 64076364 51999553 35890591 13605716 25347515 
0 8389739 85808132 89723571 3620185 97881049 
2 21183784 24240054 43252448 28562984 46568850 
2 9765817 37484777 85316316 26067966 13564701 
2 13481529 86489010 47996830 62797676 95114442 
1 12396885 57819340 73586128 35238411 71155520 
0 51183910 18128250 4090656 82008272 91392294 
1 54618581 44924672 15831947 15579176 1548761 
1 95309946 79249788 54656813 15909529 70859697 
0 12584482 2184573 61151069 2679738 45383388 
1 61059020 49935795 82743719 10682666 17813433 
2 36606021 51554018 84439306 27319976 72028002 
0 4024228 76204981 23890937 51890633 38371999 
1 46559960 4405674 80453335 48818722 38099132 
0 13293269 2758361 30061186 56617357 61211704 
2 93004753 27878401 10798013 14764878 8435056 
1 51814468 22503992 14895754 38400688 38797766 
0 29798747 33723059 79392267 50704615 52729334 
1 95433043 58002548 5254235 71269059 29006508 
1 29476344 65153574 87373582 51847221 14766676 
1 62821741 9757581 1561236 76193139 2470500 
1 24028457 6195559 65426584 26011114 10620640 
0 49142366 79100713 20364767 9294554 72323434 
1 54745927 22181036 32783497 13285311 3604697 
2 12526467 68567065 18662270 89295513 38569232 
2 16055382 49527003 70107554 2540524 30634897 
2 86810616 62947846 43402098 73238572 31464062 
1 40906487 40774138 42368319 98590672 18089824 
2 43566663 3447175 35217201 86503732 33018952 
1 77097160 36087178 57037273 29022818 85680281 
1 84991044 54697232 99920919 16177581 9333338 
1 41580235 53575492 16912219 64655432 39757879 
0 76759076 56184440 90722595 77109324 61340473 
2 422324 24399791 15438763 40132505 49083390 
0 58401769 76325899 63334811 65183606 88770748 
1 99712809 93343107 42169854 83509956 74336315 
0 27277754 76853351 82970789 34548109 82034895 
2 31704665 15218144 15015110 44750348 85696375 
0 81611458 26604682 97335811 27946128 19217631 
1 75371384 92714163 51205985 64564374 74501551 
1 18786473 25235680 40478571 73628467 27111678 
0 89597 54551020 23531219 97188354 35643629 
0 72403400 96573240 57510197 16195587 27912675 
2 23585723 51729229 81286699 9491202 41923677 
1 36456096 47088867 8529242 27354419 32009552 
0 72913191 53389815 66228590 95077741 22855984 
1 20736066 85704295 65914859 97323039 18269567 
0 56495212 97819654 31673616 86513596 22829036 
1 50654375 76900499 69667222 17887148 7994031 
1 71087644 47771349 35597673 19456767 91035383 
1 44973868 20701399 45736149 35061259 96874214 
2 59743387 89814215 98607789 78010272 27119745 
0 6615978 39288100 22745804 50766479 20355702 
1 20020381 14254500 98134339 16053647 57959452 
2 70190822 24663497 4632078 27187341 62600440 
1 73981512 69691117 96770208 17250994 73937306 
0 8381512 6985733 76786622 58469514 64483508 
2 49850336 75591855 53531621 88818860 76613654 
1 51426591 23560773 56757187 5402 33010603 
2 7536895 24647107 67005420 38567255 18224937 
2 36926939 95845962 64839182 60599867 43196097 
0 43426509 2291072 94375069 42486912 92134584 
0 12451585 42001320 35988768 39233567 19088826 
2 47935667 68105278 72209293 77099474 37348333 
0 41419976 92806749 38797901 37045908 63100677 
1 88754811 63444036 25613149 15150568 76780329 
0 72919967 43863411 51632252 99471503 14679693 
1 38237405 37140728 82799704 84515842 47034390 
0 89148170 13457894 80954437 48361866 11362820 
1 19305707 92682853 92067638 86912210 57363749 
0 89041820 76601680 63927493 49521069 30440809 
1 14141654 8669041 94915863 39458907 44515098 
1 60932090 68688377 57135235 34840834 39936943 
0 39235844 22018146 53321232 92489944 13740916 
0 1210142 15227494 57101871 61194268 66362585 
2 44455026 7203458 76913122 44311331 27087826 
2 74690914 79139712 99581225 53762558 6130151 
0 46130640 17524723 74541997 65704220 49913256 
0 70771444 6305248 88406041 26135590 43444061 
1 61042911 59074851 89488320 98439664 74371290 
2 41326787 59758057 82106100 78146821 64550739 
0 29335798 68876380 82188510 37680227 56303644 
1 17056260 89111993 73001025 34957643 215123 
2 64157374 33372255 51246720 24415584 94756648 
1 10792163 64703505 31862921 82772433 24969829 
1 20731513 37448975 18188549 47471734 67804970 
2 39210233 14269130 47936298 59363339 32539171 
1 55831168 87340693 34063315 72432408 11750636 
0 25218715 31547505 95059462 79318846 83269800 
2 36116145 7247238 77222860 78547381 14392236 
2 31917867 35486231 37898699 48677621 62707120 
2 9778948 32700657 37237931 27555328 21725608 
1 29226976 88870280 51508422 61946991 48639053 
2 2027400 12784992 96748836 78632702 18772407 
1 98805710 29306712 13193338 98846449 28058876 
2 66216047 42690348 21205977 51006142 89684881 
2 51745553 23312266 64992885 31290435 77613815 
0 32832503 36739259 65968770 34356671 89461909 
1 50755680 27151812 25676825 75195339 55241755 
1 81700684 59656065 48493538 27047537 65540647 
1 64328577 49116487 79791701 30748921 49043907 
1 23964352 1179603 74327 73556311 52193281 
2 37588302 29454115 91859072 22529793 34129243 
0 23130854 30803697 65686563 45848496 99800336 
2 51020869 24709215 30050512 80709407 43820444 
0 12897390 11629273 45840846 88352947 5760168 
1 55575270 15037204 63245355 93017295 70780082 
1 23484899 52690104 96488487 37198787 13838651 
0 13874497 68182181 96884031 85038786 93403070 
1 95961995 86323734 3042251 62213926 50916829 
0 81332099 13730460 86430501 1416570 78493290 
0 26930466 41248272 97151558 16371233 13814834 
1 14363246 50405330 75780091 16816593 83868042 
0 78901538 88127553 11580705 52416138 45793692 
1 10008564 39497200 43771189 79922138 51175689 
1 40634839 75408422 17528959 14706476 14454720 
0 5846895 24886892 63798178 69218515 20982666 
2 279926 2222622 25931283 36970646 501443 
2 43458862 525701 92934473 4935467 35233411 
1 4656358 59706971 9877656 20537386 83690181 
2 20562773 59125750 58837677 71460811 26684101 
0 46430978 82487386 9403919 34160768 80165260 
2 75031604 20002646 33919777 5448982 17801380 
2 39864702 9823422 77813876 22863748 3949143 
2 2049711 85623130 23279920 88790120 51982917 
0 81958066 41055908 50445735 74894036 75339087 
2 11209029 88494198 53950526 55222779 6048185 
0 171255 27452615 44641718 67345987 4811548 
2 95407318 55272853 36926961 12274546 55653863 
0 69508704 40018445 33393874 86314644 72895096 
2 45032005 88122584 91249930 71547011 8607103 
2 21894382 81624661 94891669 65462472 41815012 
1 1256568 56527266 16245933 1861747 96316004 
0 92767122 82400162 1806689 20998802 34837700 
2 37391982 29141595 83877194 26884964 69886799 
2 63794847 95389163 17870335 56530380 42757003 
2 27442787 6878122 62129063 64502690 19715742 
1 81258100 92231240 89830341 62460171 5489345 
2 10700600 9125914 46047681 89328244 50723976 
1 20639108 90605608 27018994 92582297 66474254 
2 69346709 71884650 61579379 26363926 51494957 
1 98388754 27476696 16524033 57762181 61162374 
0 68501638 92506867 15891495 38028785 11301437 
1 41506093 25077638 45782040 26028169 53781741 
0 64444034 79231462 4712963 41155625 44970538 
2 66682328 63319421 25200363 46136300 33910960 
0 84264980 61875286 60731211 61694480 33844257 
0 27555680 25460565 31398306 71176125 65971137 
2 47700134 26089293 9807344 590891 95905340 
1 26630220 17736779 4112552 62960873 72493726 
2 10764063 66431825 59749764 71968710 12124592 
2 91458162 75115256 20088168 18165535 75524639 
1 8406860 89941549 88704779 21815114 30008546 
2 29748234 48560930 59365479 53753731 30182894 
2 89456980 92307930 42941278 86838228 15294368 
0 25260261 25730143 32899391 23098778 75617965 
1 14655647 98600408 17160740 85074366 23638784 
2 11057666 6316226 4161118 82729722 17713464 
1 4837116 58991197 47749252 72848918 11274633 
1 15452995 28942278 1268635 21555354 94862980 
0 21414127 31829527 95126555 99568441 4823726 
0 8044783 83072304 71008515 47535328 85451530 
1 28559718 92757638 95160809 87846926 40162769 
2 43819323 48673709 34437991 42571456 75993799 
2 68137798 27682831 31163686 22389135 79545406 
1 66810905 65819466 90058894 17195386 21181478 
0 86810517 97419601 67055676 46385836 28279515 
1 11745531 90124825 41413922 21939176 90170241 
0 79859755 59540849 86698850 1627811 57626764 
0 82204749 94671014 72679852 80703576 36476921 
0 13893675 24831313 74094475 52951905 82891633 
1 78664654 5544970 17347131 13179998 89887173 
1 44452535 15119591 54023326 13225875 73561227 
0 80624154 1620401 52419462 24955440 57210204 
0 79391639 99642430 94896439 49852773 70485615 
1 96044792 42696253 72060079 37923677 10984705 
0 37685207 59907772 5737060 35495973 30998797 
1 64467279 51435526 60312307 37070849 15345807 
0 19914620 45413315 67069209 44692038 94611635 
1 46312399 60310820 36184034 67349450 74559139 
1 27400161 93888971 17712970 8141426 20155859 
0 18651058 33976589 50308602 60427110 94105971 
0 9948258 72499846 77767155 25094834 45518146 
0 44172315 15573540 1229755 4357167 77408241 
2 11892827 22563499 82987384 79341778 85255895 
2 7462147 67101909 40179084 70818872 50390281 
0 3603617 29035642 46497306 87041671 39194556 
1 24157361 22707471 55947780 35614716 83180067 
2 56663048 70018330 74044539 40903689 74244311 
0 10848049 5791028 83998336 5762664 47875113 
2 33540747 73197410 46315363 20065049 90270980 
2 34352715 99580898 95498754 34322682 38842818 
2 77890869 42052776 62435146 32397232 83768867 
0 82724828 32691742 25615312 30255132 57976453 
1 36026074 53376423 24951629 11092932 82139433 
2 57907115 26617025 41314385 57613585 3545670 
2 73896003 22074789 26728855 46695143 2907049 
2 43031053 69219907 24836627 1938185 68242654 
2 77483611 86368604 78352749 21332915 88384920 
2 99529457 96294449 66694660 64753724 10596076 
2 59697014 30587214 14634328 32048442 51575102 
0 68253746 6271469 28011324 96823826 42228613 
2 22117081 83279503 99188000 69390576 58569862 
1 81066810 97322645 25569786 53171146 24433366 
2 67534333 94963508 95876503 79853265 82852912 
1 15982173 47535386 73052307 8039711 71590166 
1 16911948 27568340 13691244 59753901 30461336 
0 1469051 67174380 90482051 87790295 74300263 
1 89122115 4485869 40813175 41341149 81660170 
1 63806143 28910294 63126002 31429697 4483698 
0 63988547 88263181 52263224 81107923 51908822 
2 54023070 34247626 37051701 70401292 38681310 
2 13672823 68715776 34224264 69018688 89215144 
0 46606689 31357915 92249409 78968836 26664700 
0 8279697 9730941 96255918 27799497 10903249 
1 52407003 66706838 20136970 85527956 46331442 
1 52983639 48940555 65402701 65073789 88391037 
1 21055266 56482413 16082485 54541589 41820949 
0 13019701 53451789 76789229 82933128 93099792 
2 92792922 15220740 62281404 61088095 55997743 
2 47785794 94133560 38940940 34467552 87344161 
2 58918903 29717873 40821318 19025942 24166363 
0 34321804 31026399 20669173 21810909 40532161 
2 98645511 43185619 9822306 56162460 77689295 
2 26947198 68393440 44930774 12091887 13160222 
0 47659102 69921997 85150447 82141118 45846302 
2 79518907 96283153 14094029 53607934 34037406 
1 20314806 53250504 98924364 50666610 48148443 
2 99739335 65972862 51790552 22327569 58318845 
0 59791397 88199941 43619115 76921142 84271012 
1 42144343 25746644 79152119 43495248 22464286 
2 73980281 98929899 7233564 27610111 91910339 
2 64651802 50927063 39749602 53129086 99370637 
1 21976922 28871956 45711149 47967409 86174624 
2 16889944 67130543 71576343 7020664 41315039 
0 41847103 47931650 19071016 7770260 41096123 
2 49710274 70467688 55300918 48658536 75364212 
1 76393875 96949129 18023263 3162955 30711405 
1 67254590 46393357 29398239 94647970 1639248 
0 67759278 22846796 3786253 83440943 84179224 
2 30291360 65783058 2063251 72300393 88097786 
1 86467937 81432547 73304223 70951716 93085329 
1 30852995 87430670 88778559 911119 86174372 
0 719939 26680448 839317 98705466 49714411 
1 53085376 10523394 15166338 48784429 81307154 
1 74280208 78276399 77261750 77276093 77728239 
2 56243265 51705485 31328972 5102307 77378804 
1 15024809 60339207 36918987 45632644 48473564 
1 57659930 44303844 47148769 14764641 39363754 
1 89156001 1845217 92479771 9669012 82752588 
0 27711782 50094190 49529967 29195053 42779316 
0 60416600 42921846 23796829 94336894 16707914 
0 38128294 47373897 60811695 84917724 28865590 
0 74222859 93797873 98131431 49683964 46030341 
2 47726229 20200235 14362704 6748984 95253337 
1 49098863 4674384 67127347 4964535 56431265 
1 72161445 34199126 26074136 11892493 59645816 
1 34464174 32546359 88683545 86487616 77369872 
1 23100959 51930783 89407234 10523410 62495562 
2 64982740 44138491 57737038 65818523 68943357 
2 57332011 47916464 11502530 32567206 57794450 
2 11425305 63952393 9072140 62994169 81166130 
2 6742307 27956498 93008880 66110300 96224773 
0 91120523 24065536 59531492 83265385 78628606 
1 1438961 2694565 80954455 38881160 3004752 
1 98419710 26115347 4151862 6318253 61800576 
1 94419137 57963910 82338825 54281554 51625619 
0 68019540 1773192 31940027 28325236 3871211 
2 27390811 67821981 61992531 93016304 34930608 
2 37669492 64732791 94636067 25727402 59534617 
2 57606661 56518466 61606056 37755419 40162863 
0 76764810 37730837 55207107 52842396 95261194 
1 71845574 37644480 11999760 61670624 50341300 
2 68851309 3879975 29454515 80290082 50548771 
2 49365330 49103006 239304 11682643 50149171 
1 61898808 36615550 51221240 21801997 87080512 
0 74849813 93822186 20250897 58667729 99980905 
1 69366647 36336768 25375377 75940744 6053892 
2 55253261 97230606 66467174 80975062 2358596 
0 45437565 21846318 94566520 40968503 6883046 
1 61018235 39813837 59912589 78626199 94526776 
0 3128504 40202281 25875701 33829675 29198563 
1 77439628 7714930 31230775 10802129 26108095 
1 49290531 17739678 79390688 85984782 65665260 
0 7890571 10789478 92439613 4688021 42839406 
2 79165733 59457579 99288988 38958866 11330656 
0 97483840 53766046 32726157 60305156 28624740 
0 98676860 85032977 25994733 71157893 86999346 
2 36096639 3615907 14650983 72439844 99120648 
0 42099204 25151571 26483205 62052377 52936336 
1 12842271 97011494 13508996 54451803 1160259 
1 19158654 34573201 72246609 45610566 8248099 
2 41081287 28386900 72683563 59370046 1385409 
2 33760162 20879301 50909166 80294474 11895613 
0 43025493 35791469 10616690 89015214 11139300 
2 63972895 54098472 60782035 71589812 77266580 
0 28340179 51043920 92385295 25716848 20937311 
2 24871766 70735074 38035983 85080702 82221661 
1 65435436 51605998 68451470 92552149 39622075 
2 44578035 38467680 50266284 12579619 7250653 
1 72278562 85420265 44533959 17198080 70417723 
2 64007095 1155421 87274775 95488053 86735825 
2 65888057 36022218 54132191 18961904 95654349 
1 67204101 81010173 66057247 53787479 24218679 
2 33291147 2000786 75747143 4559707 72536336 
0 82475802 53097625 68539365 72470963 13516384 
0 20455881 35837587 50936937 98812150 58548892 
0 6297332 35696635 31289944 2848060 60730710 
1 86019532 65261008 60658188 45958339 31397382 
2 40399696 40025414 33896969 57325405 63917812 
0 42555276 80438361 4642453 36054652 93923673 
1 18532943 32933828 66730375 47790054 11444552 
0 1877843 45011551 22894759 31623479 14250495 
1 26384543 80270653 76555900 50377812 56769044 
2 59101569 18919923 71652319 90341065 43001419 
1 17369651 23978420 24763198 32920010 43982733 
0 62532170 42503335 95821709 4854691 3260962 
1 42516223 71136153 17480348 42490961 74523043 
0 704803 27284625 48392132 66791961 13020282 
2 11852324 31708368 27919624 22415675 90676857 
2 82620646 81686624 54739227 48898634 11464614 
1 51964055 61742616 87566188 68318656 50408409 
2 4664531 22431616 47495659 36076334 98332834 
2 87840810 37484226 63849036 78783016 48810951 
2 23170289 87782529 48457198 77810289 61525986 
0 65879928 13813426 76481034 68377377 33339008 
2 11286150 64656957 42258579 20868126 19642965 
2 24552237 12526618 30994786 57640213 56045183 
1 65040022 12353647 53503586 64605006 67965587 
2 53842073 45112185 28134001 75209628 85739632 
2 60291760 37442238 50172477 70790745 17727344 
0 49758355 4683201 31844340 4148313 38968331 
0 81040750 31114852 93205609 23593521 21114477 
1 23483924 92211633 477298 93872356 82157390 
0 53497457 45627901 60744092 34490361 58501569 
2 87017240 25452735 50661783 64059032 44429462 
0 85635785 44490527 71238543 16123634 57747942 
2 8687265 119344 26498798 95689039 91104129 
2 7291904 9111239 40994235 30432336 50744055 
2 33116655 20393519 35744939 3650688 16243366 
1 76259904 81143755 61651531 56326300 44591680 
2 99890513 69554169 72574039 60497972 60089975 
1 48742485 55556549 58350703 7118765 91281355 
1 13747992 21506432 72590194 19727049 56133370 
1 70755960 20203570 80588170 10761817 15603158 
2 47587980 35251221 45808487 23065478 8711703 
0 88988700 27750857 19164925 13141615 18062190 
1 5359361 23546863 64705133 78328168 28367782 
1 42739257 62711588 31841655 26997662 19483305 
2 79078222 8703410 93529376 72724143 31000199 
1 20559831 14322011 935180 24506701 9456435 
2 24967009 37953346 2475260 98982931 50419565 
2 42462897 24317987 20676237 63309976 32993323 
1 60317599 60447872 2050053 89971119 67704353 
2 68849490 17984132 93294798 40946405 26903934 
0 69400401 85496264 5776694 52922620 3843680 
1 5812227 15861841 61095648 98957271 46139211 
1 40813394 90567241 18063000 71085430 48279984 
0 60065870 70217691 12807019 74475908 62485742 
2 62037421 78882958 78486791 83684807 92472502 
0 77724436 86055068 73899177 78620218 10420931 
1 4854528 92972496 48964628 13287040 30384113 
1 76577894 66752462 46271408 25698614 7593416 
1 39677868 67143396 86141321 98041805 64508652 
2 85997207 90060328 44527121 8267548 56405407 
0 87859780 11908588 63640429 69275056 19225927 
0 27599174 71482164 59569143 79745295 12472740 
0 98398652 37640209 53842085 81200534 48460062 
0 56421208 81354238 64084544 78198205 22960399 
2 63788601 20364518 90144134 33962863 22352318 
1 45015310 87033105 21659990 57484473 23145564 
0 87185057 64715091 26187499 42412433 92242086 
2 8077766 22363637 89831847 23527156 81145455 
0 58737970 35532817 78693298 38911749 91597124 
0 50370306 17236138 17324556 82872383 84240689 
1 77224910 8954907 9272751 35268119 2055924 
2 67121861 14142430 60359819 67734292 61728405 
1 27614138 27402665 86251631 51337529 63034660 
2 93145460 87299786 15388202 49858586 85450049 
0 94887171 98081672 23621991 63946400 78343853 
1 67072178 6330868 70400723 16306461 21119067 
2 54920141 35172846 92889440 3807525 74739140 
1 8337907 70990676 49748607 25633402 19485991 
2 73649961 95965474 67378497 60963653 5986824 
1 92493752 18248068 11862292 57730342 3941742 
1 40990549 6264706 56218505 10132829 75052192 
1 464822 82348554 40985031 32714967 22001137 
0 45122924 83805913 42934281 54003831 27283558 
0 21676372 74521818 36790491 79580423 40727382 
1 95239145 82096896 80272847 3966273 58315912 
0 88737348 28332445 19240212 18982841 21281608 
2 27083160 26645310 46841915 59531008 78409265 
2 41662500 69992557 98519611 57975627 66299847 
1 80234178 72787679 31147183 66555040 51854871 
0 26243687 94539255 68636029 19236549 13338331 
1 63499190 75209217 89591653 35338552 37630712 
0 39301366 56804172 96683160 2854230 23516456 
1 64864255 69618567 31085375 74279823 65247349 
1 88770641 82278086 38520839 1337609 77232910 
1 20477415 87738540 13563072 85425545 28328137 
2 77042958 74761928 45253555 40052692 31855970 
0 78908955 3375794 92747876 59225225 66324046 
0 30841101 96566090 79719378 55972746 96884706 
1 38564994 62463647 21022479 73174566 57846735 
1 31657400 79370596 78465015 27508067 70678252 
0 74203820 89165574 71752787 60405449 11927059 
0 59694377 85158240 33369734 60513804 51220517 
0 64393066 68000077 62081208 93121288 71827246 
2 41946127 68993787 14705156 78626690 82631444 
0 99943007 45983729 49186124 75102180 65318002 
2 69853090 54807504 37641981 6275106 51561435 
2 97880243 1725878 77296930 35227179 94225436 
2 31703309 32736049 85254010 48605370 72941969 
1 87145522 6570438 58651283 19242924 98596113 
2 13741073 73695444 21167667 76537464 43336941 
2 60366454 1493798 70809680 50968072 64105281 
0 66281428 48627997 58088200 88477963 16177223 
1 40123377 98575894 82554287 89742914 20153487 
1 56618517 65869547 26836588 47483229 80628497 
1 84175345 67370285 77193916 14396756 56014929 
1 81011260 45412661 53103542 22476955 8634202 
1 59420148 54985809 35169255 29436794 63726782 
2 32471810 50283230 20707749 75100052 23508475 
1 74795236 80293855 62918774 24910584 9872360 
2 88427935 3038331 39891824 54891931 67386999 
1 97034008 52021662 99016443 85104501 57964827 
1 46123209 27372048 17731133 96173917 43505859 
2 53528617 92904015 22916990 8348753 7847 
2 81046242 93097959 51777749 90080890 4867424 
1 23687932 57988601 82090529 23241083 38431631 
2 78420519 29615627 10003685 55190720 23310999 
2 86538643 39629127 93351520 19093674 305550 
1 35594437 32714773 35744063 17865550 4323255 
1 15331198 630412 61068609 78970646 1777514 
0 34384915 63756361 48018119 79742746 7616674 
0 45724682 27333194 52941839 11439352 17706138 
2 69893485 19785777 54605331 88818049 15225101 
2 54748791 17218384 38822514 96941174 20701086 
2 39932515 4427328 72848627 36717804 11274301 
2 39903460 74914253 4265732 63976662 92480672 
0 2536752 72525088 31247948 29409209 54589484 
0 22782387 89310949 36980661 59731201 80836921 
1 36720062 91106482 9339408 66015712 37152854 
1 14278279 66096050 16258968 78789313 59241321 
1 15515297 11088113 1854531 55811851 17468834 
2 34253621 56934832 1281009 69401146 99011622 
2 69950151 44133172 56182593 82372637 64388382 
1 1934398 38937350 54059935 73883541 35592208 
2 6215132 93858180 24305858 31591521 17871758 
2 28846506 40822068 59608112 30334934 18052390 
2 61458824 22745598 27688790 61710030 29707000 
2 33999450 86267645 67100231 22572105 15065753 
2 24423188 19544698 49228874 13726249 95848112 
0 14785580 11051443 89735194 81553434 10893322 
2 20082974 24931315 43366709 20007150 32541087 
2 32082826 5409580 93941041 34447080 49845972 
1 48644956 17313886 55965857 46277440 39484844 
1 54747705 55040262 75524272 12202616 29197108 
1 29861541 28321521 39754376 26408534 78909334 
2 30117757 14175494 38478542 2934225 81555313 
0 29035187 32930066 10801568 40858655 55621280 
1 74392820 10096313 63178570 97415018 60867918 
1 31370595 90288732 96077225 48336139 62034390 
2 39252919 60744859 2230269 59750961 79984229 
2 23957332 51725437 34527036 47601221 21981415 
0 53967771 25474668 78031060 31353743 85075530 
1 39589689 71053030 47684044 17833922 10684340 
2 60079281 3105933 16342755 8613310 12096382 
1 80972861 68303476 12004820 69099493 47178797 
0 54934346 36986216 44380486 34833669 16092059 
2 90264903 60243361 74360428 69234357 29483282 
0 35341621 47365459 44802059 43776438 5336642 
2 7834111 48662759 23068091 30444754 10380980 
0 26911984 60315774 93203043 68838151 57700530 
0 26271968 8923721 99626489 42931627 82799560 
0 84812025 95184051 92480191 32319513 92214798 
2 75199430 82424397 54443527 48092841 32574182 
2 10680463 60899109 61169075 8809161 66043325 
2 55878830 19096524 15372993 4957763 11850578 
2 66713211 53959547 83785639 12038180 50650221 
1 1218217 68268627 792217 77797438 66411548 
2 3116473 51124180 69908164 64004241 66266524 
0 11436327 63807515 66507036 24662914 353980 
2 40082205 20304001 85452194 8134159 64796342 
1 22646835 65296065 10894701 90337097 26198959 
0 41611080 93164446 13394590 98954775 97362469 
2 25986353 71299126 85578205 34803101 9970635 
2 82658691 76419803 90439906 25171976 23085035 
2 62053683 33255597 19820325 71211859 74962493 
1 20277086 73045517 34952581 21678367 23377307 
0 43537170 16959603 69414902 15130377 67205742 
0 44048938 53059680 40605004 61352304 89971663 
2 31331010 24648933 36344786 62126556 66233151 
0 25920158 89613889 51058675 29763158 90778985 
0 70724764 71219727 43390315 49667010 88143717 
1 35577930 59947103 32103694 99638613 97079366 
2 85612948 21490328 23021571 74649807 60238025 
2 48368554 279882 20340950 99926891 97472549 
0 97536919 9988345 98225274 37127129 23438128 
2 58441967 53455775 10073475 72629553 74273266 
0 53276289 74272836 38236689 70629416 34257057 
0 75389918 53743812 20181768 69783151 90086594 
2 50375279 5615068 43479049 62478657 11694396 
0 34096723 6343833 27932741 53256163 66002700 
1 25730644 67098854 85824682 1882341 91900292 
2 20486731 33405362 17587213 91467374 5934613 
2 85361695 82225259 8513361 23453403 91149898 
2 75577471 12775154 67482001 84867308 47399810 
1 45059028 55215709 28894620 86380843 16097205 
1 72159480 76207261 98597649 58862927 88497035 
2 48853854 70735858 26555338 62383553 13445153 
1 42808100 75808317 25016033 77848300 43801936 
2 1879057 37151520 2919909 37411515 65454792 
1 26494549 56497134 36722978 63342315 29787178 
1 64910858 56125211 49309528 20606673 1185654 
2 73177524 69439216 72114373 99468125 48907297 
1 29192690 55437857 85101049 77469333 53612207 
1 18592769 69134729 5528491 86919018 19494855 
2 60461523 86348798 7743669 57251963 5899800 
1 66908101 8819876 38180610 1590415 58533414 
1 72248061 64712962 44694868 83266027 60043011 
2 33095871 6461100 45036594 75340516 13124487 
0 25170474 64228461 34507295 92756173 23387233 
0 39346344 95869586 95395823 14248165 26230071 
1 61124966 31487352 42531650 64072778 52155541 
2 85828275 709640 89684308 72566837 47553690 
0 65450857 57074047 60730435 26832061 52177882 
2 36693062 2001228 5765645 56118863 48338985 
2 25543772 72635389 13135595 69089029 8583733 
1 81942242 57032222 15870206 93804321 40081971 
2 74028612 70882907 2530409 82082487 87916078 
2 63416892 66686137 4752871 57194248 10505328 
1 47993232 49181627 82408098 41679843 21724099 
0 20591338 66040541 80749807 59162282 43321036 
2 58688113 33810503 47917026 82399847 57134931 
1 38681144 14300756 81142314 38174099 86922743 
2 75554568 38225589 40436336 35747337 87379317 
2 31553279 35052666 56131692 9675695 70882457 
0 33046164 83962098 44423088 34434761 36859636 
1 50617491 67873959 69425413 71648497 19841341 
1 47369764 52129081 67484380 72636203 1398632 
2 30655783 1001105 93675074 92794822 53861195 
1 9549679 6362624 32004470 71955056 80143139 
1 74570800 47479555 20498115 98523685 63857073 
1 62476014 1400963 86419199 87724272 80193643 
1 39687863 46021498 39814915 36502364 93431815 
1 47446345 18532053 85822368 54295060 2694717 
1 44961430 5746306 13329064 28445163 98947920 
0 70281639 92625332 70414790 41376164 62371080 
2 18240527 5341678 85344122 7364108 19620775 
1 32266652 2072483 37435860 28873312 16327966 
2 39667274 69304128 58653962 93099189 52003966 
1 26806928 71399411 16637831 13116450 90098133 
0 9856403 59997916 77390704 70494014 53760561 
0 69756675 50218935 56468634 72445690 29584520 
1 37719151 6457303 83073713 1146088 74119714 
2 79482359 35939810 47373000 40233217 11911674 
1 65358058 30597254 53064356 82394625 39099798 
2 25413475 67940353 76474440 51464917 83154638 
2 23163042 45453593 38793073 23830870 34667270 
0 95069828 81650501 94487372 68135167 3108868 
0 407420 89357537 38460421 15243819 38941613 
0 59390554 853475 14253617 27452340 55778502 
0 75457040 4032787 70123271 67474684 77753711 
1 61375939 23910383 45127520 71321259 27783914 
1 41115175 97659948 2623027 74761903 64983408 
0 89360870 10709821 27656463 98866432 863470 
2 56058330 42206271 19862322 11565566 89729529 
2 33200882 13528558 95564645 91531352 99133022 
1 8017217 10821071 48419383 36180032 65164407 
1 3135576 43717558 41642926 27825100 61854174 
0 99798956 39114505 25791507 73717473 34884022 
2 24404748 63396088 16441503 97134143 51934806 
2 39071445 16533367 4114303 55542309 48175795 
0 91988345 53613389 41133787 12380199 68845039 
0 68648089 48135558 53704391 26165768 68879752 
0 41468951 3069974 79730749 20812276 27321564 
2 56040983 70417521 99981598 27363164 24556908 
1 56745211 26166049 68824462 70511778 90159915 
1 54893115 84066673 72535107 68299379 87029180 
1 60041388 41259152 22067883 89109261 67018259 
2 69263145 45882436 49555010 36855539 43949694 
0 85958435 23402110 26849620 42819106 25405557 
0 17510408 75765863 13945200 6503092 61178601 
0 82326727 1310489 56989717 96160270 64320651 
2 39848466 62817683 49631735 40202148 67720657 
1 97175222 1359402 49985280 97519849 87386618 
2 6995192 68435557 93410697 50220338 5737224 
0 20047822 40516157 25413692 82524057 73989319 
2 64302076 7150387 29935644 82749617 29720599 
1 53890338 1486575 86104979 99315169 13242585 
1 27356246 47565951 82390195 17436579 71353813 
0 54627044 60824072 86790782 71077588 93626381 
1 84669103 52652425 13447075 1999360 45144779 
0 1087215 3255913 75527786 78182953 50693135 
0 35708132 46197220 95508955 54706117 58410343 
2 67616368 96773113 83406369 89488155 10670446 
1 86187852 13176615 97493518 44947063 95427943 
1 62251110 32550931 36973991 33215459 28868006 
1 59995187 49877008 47766229 16455773 15473932 
2 30967530 42742568 80163553 90471400 75879447 
2 75454284 5659559 37682983 24160666 21226982 
2 43865729 94994318 90160099 33382460 74968096 
1 58320962 67670097 35930291 76269939 6048871 
0 53762023 98477235 26012347 48399104 8905176 
0 54318777 87200457 65036288 48911972 56327291 
1 1088531 75187506 35560722 13671614 29766174 
2 93129814 13039229 86152804 90349517 26319565 
2 48786277 82329712 93939962 48210401 80131571 
1 66273708 89823689 89252396 10037604 57828753 
1 99968313 58182872 37122488 39529427 20736342 
1 33124634 68871410 12229262 95849130 10856670 
1 84949593 28173518 46498688 78453097 7126567 
0 41437447 23128835 14700860 3467545 27209987 
2 64441090 90332390 85121867 1258907 63278005 
0 78716921 87133648 96537518 63498690 47829856 
1 89356151 95953164 12350550 97351112 90986493 
0 84638837 90656459 78157438 52827792 2593694 
2 41796699 10677661 18058473 84075505 7906513 
1 39908793 90505332 25269359 45713019 76093538 
0 46823746 62053535 55019639 71241897 44783187 
0 91364769 36058759 44090355 6192701 24820181 
0 47375678 80541856 99726908 7469753 10736531 
1 764250 16667958 65839433 76391278 30360719 
2 21087061 20955870 39953626 49311389 24065320 
0 82778292 16633359 59586191 22321175 29545412 
2 76237852 80463814 16767915 22193005 11015458 
0 73131822 56518244 79193691 63773722 22912464 
0 23551217 32861937 5921216 19560906 49041064 
1 51234834 17661256 39428790 60214009 26502761 
1 38375305 30700067 50030531 63285224 15451412 
1 80963898 53033599 3794315 63343592 56977702 
2 202953 58851834 58380861 31041234 75321465 
1 36586070 36386044 13419763 9777717 54088479 
2 75643687 80181586 11022566 11189874 47403985 
1 87075533 24605622 3315165 57889376 82320327 
0 38299146 34069891 55591946 50983430 96186693 
1 79181452 70312957 26388220 31481211 14237276 
1 20083926 11756805 58811955 62638093 54018632 
2 25655135 71168929 24791825 93156267 17716601 
2 50693807 20313640 12973707 96141261 63254152 
2 28481198 26116475 83306468 4462314 52870829 
2 9160731 97657552 70223287 9068800 71397847 
2 50238637 7268928 9228161 86628171 66148396 
1 14718468 57078918 6843421 50802000 57692060 
0 8386659 57301411 22442400 12110453 12878063 
2 51515599 15633971 93757394 57634211 48471157 
2 6082836 18698804 39541307 68321559 40730332 
0 65010554 90149220 59284899 86199400 77291012 
0 25718772 91184762 72949950 64910201 83278288 
2 4999177 17571816 57069805 36018026 27174179 
1 75214636 53808445 44545115 65679994 75597478 
1 59039147 32044065 18869328 27547339 55750903 
2 48671120 16450554 81728865 89670301 85936007 
1 38391631 63391340 47034459 64647989 89598611 
0 99526310 54903029 16435628 60107502 50617386 
1 62855598 60963935 29438135 88886643 4954158 
2 15357890 55304044 51865474 37537514 40536529 
1 66452985 48901073 71867533 72234712 42272279 
1 95030119 13226444 24108928 48343476 29840930 
2 11178398 17218799 82620434 25751119 61746927 
1 82815024 41582597 37453411 20084012 48378157 
1 24286182 9364932 3027323 70898919 75780557 
1 63723750 61308741 57678028 40070358 21284161 
0 81142117 93450237 24492753 16500782 11794267 
0 61673367 28941765 68645716 17400458 41175385 
1 33531492 40817370 76109392 56327621 22240778 
0 39836101 6074225 98583433 95809120 48408398 
1 16034767 61657470 10716260 75074025 63046901 
1 62740485 53776013 15525291 28565346 98960910 
1 88104794 33990432 26749270 44745709 73512965 
1 5470124 2636457 7262792 3878875 34193026 
0 22737101 34052055 60919882 10449617 62820980 
1 78297686 10426752 46505727 60873575 41681912 
1 30662073 31813860 93792546 9724800 76191430 
2 12445035 18579089 54799381 9656332 21733408 
2 48795399 41504719 75190362 93053786 23904715 
2 37121778 51764380 86553509 62145790 37949178 
2 19330595 52369598 6137345 22084368 45276495 
1 1429073 26886218 54145167 45000684 77907028 
2 72841127 6838713 57460818 61903110 86996343 
0 27216838 16425882 52739438 68583127 54630305 
2 55430362 65555939 9330339 34963117 95645193 
0 29516231 64148984 68576581 39179496 88030798 
1 28600674 54151131 55782048 70915733 31322378 
1 32159874 77458692 59008672 42030537 15706342 
0 10193132 85801132 24893192 5906734 52105842 
2 46159154 20449653 34551892 5635163 27627423 
1 4708551 25859618 18089070 95442796 40642550 
2 27889682 9635478 53988147 39636720 93853737 
2 30579870 24009315 52838568 71712963 69415942 
2 1619208 71993172 4661824 50501962 73174485 
0 95337165 44114698 77568497 17937731 82669467 
1 26366560 61134808 62869070 38529290 44907116 
2 62695447 55397966 56656615 94315449 18402668 
1 9903153 82919450 71964689 59467360 77305683 
0 70652313 71315401 98166003 79437076 98421397 
1 93417800 13784570 85321730 6927119 94674637 
1 19631438 74744319 45483449 84266637 62310627 
2 58552482 75375033 48717231 71076138 29322612 
0 50312589 92116156 11299231 84533057 88881728 
1 10308573 8540143 37276230 22512657 44014408 
1 27596343 43013595 64725651 7256629 13540077 
2 86206261 86301774 59154048 21898389 81027041 
0 39020696 91406357 34675086 56602373 58981518 
1 71052508 40754382 51796276 12815188 81316267 
0 25597994 9343977 21614227 49835435 46171451 
0 56515532 42210077 49333824 37898149 44453168 
2 64764090 61889475 17416208 33396254 83632139 
1 51114863 45410919 98510980 77123758 85847003 
2 85865877 73763294 80396272 61217212 6496985 
1 23576744 24090315 49451809 37587832 59059391 
1 37801942 67669666 44060094 80602298 40333102 
1 20342052 79977250 24873287 86279970 33913670 
0 28712676 7063399 5400485 40105745 30815387 
2 12462340 52484828 86931749 94083453 70024145 
0 62707133 94111205 56275006 56752032 10892260 
1 46353966 41785629 64429798 23892409 68165034 
1 29382830 61542583 97274458 85385852 46661320 
0 20278006 60201837 18475450 74588142 66378215 
1 75570553 96387265 94141781 84143264 44464984 
2 43328988 24590983 85856347 8488609 87673349 
1 84506146 72534866 22851732 46349701 84733959 
2 23513224 13381427 47325332 68862357 82519137 
1 71159000 32835932 21265460 94609470 91178757 
1 73035095 83008312 69581998 38678154 51338205 
0 41982130 85976602 33913119 75942453 45245320 
1 35515922 77216181 87476432 1642941 55758166 
2 64421946 605430 34326781 9739675 57442303 
1 4379809 87913618 1247156 21104702 41927091 
2 55667967 83986584 72850105 98253603 87387764 
1 10638044 78542791 90280775 58354551 75863730 
2 39604637 50911575 23297429 31275429 88313727 
2 63168204 51117469 11492613 9598080 28687043 
0 54449669 70014348 75298049 48704957 40353175 
0 73265906 94641992 89164849 71520271 67685775 
0 30543591 43487353 61264303 62106753 98386350 
0 39712375 66935647 60872508 86712359 53654270 
0 74683528 72695737 60852640 67998170 54530893 
2 12103240 95043613 50058748 90451663 79096278 
1 22721907 23392120 66128151 40487990 50034100 
0 62356880 17761402 64519540 32299900 43481162 
1 57547199 35782123 4192439 92945278 30668460 
2 93084944 64199534 7838827 67444469 40821527 
0 83930336 30023096 33942076 23452315 8934914 
1 56522822 62436362 52930560 86421714 10734842 
2 80188992 98446923 69286537 41096942 69933809 
1 59296345 17214753 88039924 4430064 28671398 
0 93653015 42315606 19850242 33743236 21827549 
0 37204813 9851582 6482283 62514533 48249994 
0 13492781 86867942 42542442 51210229 9786413 
0 63203306 29768854 92317524 48865247 91209720 
1 8187291 4155090 71123911 99970089 38839084 
1 52072023 64617525 60923825 59590261 35063453 
1 73741471 22856312 38163177 35958 94939441 
1 84666462 85296802 45146485 95425612 23042622 
2 6190870 69512443 43294643 20696 86806148 
0 13173199 54422428 26422973 5593508 1471545 
0 43905616 48472190 77282618 9459507 98903480 
1 65633665 49813967 42982274 76826406 44062785 
1 67288098 92858651 12833094 21854685 62532210 
0 87175385 57877383 616995 90954893 40034114 
0 25536909 79323773 99967464 74180061 47065045 
0 9166059 23659986 26576201 78474750 36648318 
1 2773590 83295333 22143774 60760238 48741385 
2 24095625 76032782 40204575 95711399 26245686 
2 77837915 71440270 17867193 24191582 18356381 
1 43920348 56333134 46457811 91876228 70636418 
1 84609426 44949917 50586630 21641308 74187437 
2 37102944 57930025 44209615 39486554 7984424 
1 25837801 26080299 7118050 85422436 94215958 
2 39652440 66140105 28586815 84835394 58627721 
2 60542092 93310215 238149 81531704 14013471 
0 39037709 78734158 20904878 17446240 91509504 
2 38983991 24816446 27421037 39428143 4674400 
2 39799939 4522732 56917732 28438424 46630995 
1 91732124 96980115 77356582 80706498 21002186 
2 21980771 48687946 41656658 67499615 4788467 
0 32275206 47658856 18342376 57650588 12289826 
0 55855936 86498049 79977896 90259961 96857671 
0 36705221 98679623 97281732 48989400 21656398 
0 1436822 70220381 23482216 94704837 54778430 
1 15951873 88452751 11527505 7874931 23931961 
0 25477126 73409959 72874139 82445669 25421516 
0 39485957 16766446 2593049 92199965 92651083 
0 69275579 98547610 48908782 96484068 26598440 
1 934187 2337196 91122494 14012655 73884061 
2 39398404 65798616 623321 20908072 95507172 
1 8697824 49896448 72060487 61707944 99276912 
2 87971968 576382 84335792 33559888 27658808 
0 38638473 67933653 91258450 97694860 63098261 
1 34844534 57330207 50198432 15106002 96542476 
0 35359784 95444690 96777511 39752176 48834757 
0 54148393 91831248 13661446 35479158 61021619 
1 37657872 23266183 67203293 28131350 426525 
0 50156871 48930067 65127342 8367736 38469457 
0 46195728 54042879 39379216 64277749 92789814 
0 36672972 65921722 40563405 95832958 13475930 
0 5281746 91612982 24365523 40253167 47981717 
2 27080681 93766681 10790110 4538666 23051444 
0 39990385 81181975 90087658 1892016 35939682 
1 93457871 39664422 8187044 16268388 76035938 
2 93790822 77497111 6720753 48708257 72565676 
1 40103538 64582744 70719491 84930741 4090560 
0 46390108 53497992 7839604 59659709 49216163 
0 42997151 26391132 28720490 36490834 14206901 
0 23297175 9671982 61886507 31580838 13844108 
0 55338745 48600573 7705860 39394715 56565099 
1 98214370 65264331 97296595 20051527 61236574 
0 12763827 85190874 46897653 11377985 3111785 
2 17009486 71538069 58203994 39838324 29278536 
2 60958768 8582321 79880250 28074833 95251243 
1 37160737 35322576 96172381 33003830 93002638 
1 82268354 4566643 68834069 66296273 90184575 
1 83438274 65551884 69354532 21507277 12412803 
2 77125187 91485017 60314376 54495161 16993370 
0 15050896 42393773 62661285 87510166 36157324 
1 87733825 56755117 55695817 5725031 77711582 
1 40707295 99842247 67230253 52427590 67590755 
2 77491953 52575758 73024698 34872545 36072908 
0 11745677 46911363 2534087 10784584 41026594 
1 32337953 92329301 9614785 31148934 61229201 
2 42184436 99636596 5185405 47363351 67349175 
1 96892649 50261598 14050208 66363386 71807407 
1 34025765 96695473 26504182 12220909 98060497 
1 47698120 67381605 74489878 56658800 59487293 
2 57687458 29694349 50658354 44034339 73662053 
0 65258089 70193858 27908972 18876572 96165539 
1 54252579 37453629 58111557 21400335 15761759 
1 43427150 91301401 12030022 86844925 65878758 
1 22715138 47367901 98405223 60091464 70557976 
0 71141650 75271008 2546122 98586426 19775772 
2 44377949 35951745 45250995 31847315 89699237 
2 58869755 47320141 20678004 97684668 52077284 
2 60771607 39061590 42031717 82034922 16705064 
2 44729359 77092099 66578238 58367201 19507701 
0 26108988 5366291 80846971 71188061 54351000 
2 87273982 94388762 69042655 97648970 89629216 
2 97020789 32028691 49244681 99368891 26756298 
1 45736552 51238232 53971011 38931766 12668503 
2 91787147 19750391 99367067 66148930 13160855 
2 7589999 33117106 28149408 87802608 17633685 
2 43404592 38490282 87986039 67925709 54433657 
2 73820321 56442988 14332579 87731376 32827850 
2 18125186 86371337 27716772 14450740 1396981 
1 73887369 20028537 78120873 37572737 97937925 
2 8592391 57843381 43516414 52121308 86858661 
0 87231127 78200420 42623250 21390867 60479385 
2 32328211 40401062 60274114 74618282 98795720 
0 67517985 36613989 95917563 61913460 23826169 
1 82568146 3057312 50531148 9753558 31737499 
2 29586589 15987324 88357391 30433326 69109100 
0 21340021 95619227 28737036 66449486 2332145 
1 37442155 78618521 98249256 11350590 31834108 
2 11411243 29312693 10383060 16615596 29326774 
0 52325842 30139971 22475516 15601110 95140130 
0 79913967 30610257 72813325 2344171 708204 
0 30115567 76258110 10664970 92036850 57273113 
1 28158554 73858919 24780925 93591646 65132741 
1 73966023 65339926 51019133 79199267 12620269 
1 41355752 80129335 65662868 52597143 53317595 
1 37985735 6094755 69186499 12498461 5121427 
0 71870339 38447324 48548493 2983490 73081278 
0 28686928 73184732 24991759 88022763 22719921 
0 97194285 33891440 63877306 12339230 45572687 
2 8486684 82816406 37943542 99858396 65039077 
2 75754516 26775743 88638421 49939349 68184737 
2 78044584 15018241 20669930 66260349 96783519 
1 75768451 70013631 15159603 5911471 63681111 
0 31138785 56781314 95355717 75906624 94351098 
1 82290794 68924230 35511583 34324550 62984624 
2 73635529 8276150 77722906 43207072 71174671 
1 17460078 38627761 71915991 15897035 21930060 
0 4839631 9983434 86270732 59630053 32756655 
0 82742979 73291391 5150678 47339520 45878222 
2 34578186 75660136 71691225 85514701 6379164 
1 80447296 10673162 7454833 58087787 37465820 
1 64164514 64273125 2079581 25588942 30485383 
1 72303978 25068256 90833142 73781366 9861429 
2 91845884 78666623 91126064 54663850 22368131 
2 92552294 53336179 29997000 61700210 71275989 
0 46238355 87203516 77627196 70276996 25126062 
0 82769438 56398863 60704564 5526260 46460509 
0 3974015 3636569 81948111 89289159 6833726 
2 36229360 45638754 43479276 36478547 56148021 
2 35621910 48746434 18571037 53728880 63036978 
1000
1 0 45
0 0 88
0 1 132
0 1 174
0 1 186
0 1 190
1 2 13
0 2 41
0 2 75
0 2 139
0 3 58
0 3 130
0 3 134
0 5 165
1 5 194
1 6 44
0 7 14
0 8 135
0 8 168
0 9 120
0 9 121
0 9 141
0 9 173
0 10 26
1 10 34
0 10 188
0 11 74
0 11 88
0 11 89
0 11 152
0 12 167
0 13 121
0 14 35
0 14 144
0 14 169
0 15 58
0 15 70
0 15 141
0 15 163
0 16 128
0 16 163
0 17 35
0 17 78
0 18 38
0 18 81
0 19 91
0 20 96
0 20 136
0 22 183
0 23 132
0 25 29
0 25 30
0 27 49
0 28 33
0 28 45
0 28 105
0 29 72
0 29 78
0 29 112
0 29 183
0 30 107
1 30 172
0 31 53
0 32 121
0 32 180
0 35 148
0 35 172
0 36 55
0 36 160
0 36 183
0 37 113
0 37 119
0 37 157
1 39 197
0 40 71
0 40 163
1 41 74
0 41 138
0 45 103
0 48 89
0 49 157
0 50 51
0 50 154
0 51 52
0 51 120
0 51 184
1 52 53
0 53 54
0 53 88
0 53 97
0 53 98
0 53 129
0 54 55
1 55 56
0 55 151
0 55 173
0 55 176
0 56 57
0 56 192
0 56 194
0 57 58
0 57 112
1 58 59
0 58 138
0 59 60
0 59 79
0 59 167
0 59 175
0 60 61
0 60 83
0 60 157
0 61 62
0 61 107
0 62 63
0 62 71
0 63 64
0 63 180
0 64 65
0 65 66
0 66 67
0 67 68
0 67 91
0 68 69
0 68 169
0 69 70
0 70 71
0 70 101
0 70 151
0 70 178
0 71 72
0 72 73
0 72 101
0 72 188
0 72 194
0 73 74
0 73 118
0 74 75
0 74 88
0 74 137
0 74 171
0 75 76
0 76 77
0 76 131
0 76 152
1 77 78
0 77 146
0 77 159
1 77 189
0 78 79
0 78 92
0 78 95
0 78 102
0 79 80
0 79 115
0 79 140
0 79 155
0 79 184
0 79 189
0 80 81
0 80 195
0 81 82
0 81 106
0 81 142
0 81 155
0 81 171
0 82 83
0 83 84
0 83 133
0 84 85
0 85 86
0 85 97
0 85 130
0 85 147
0 85 153
0 86 87
0 86 133
0 86 184
0 87 88
0 88 89
0 88 160
0 89 90
0 89 134
0 90 91
0 91 92
0 92 93
0 93 94
0 94 95
0 94 104
0 94 116
0 94 135
0 94 193
1 95 96
0 95 103
0 96 97
0 96 114
1 97 98
0 98 99
0 98 163
0 99 100
0 100 103
0 101 146
0 107 144
0 107 160
0 111 119
0 111 123
0 111 130
0 111 195
0 114 165
0 114 184
0 115 174
1 115 177
0 116 169
1 116 171
0 119 178
0 120 146
0 121 126
0 121 152
0 122 133
0 123 157
0 123 165
0 124 129
0 125 161
0 125 173
0 129 132
0 129 145
0 130 132
0 132 155
1 133 141
0 134 147
0 134 152
1 136 163
0 136 176
0 138 166
0 142 182
0 144 163
0 146 194
0 149 175
0 150 177
0 154 186
0 157 174
0 166 197
0 168 172
0 177 188
0 179 195
0 183 186
0 197 199
0 200 307
0 200 308
0 201 250
0 202 218
0 203 217
1 203 381
0 204 309
0 204 340
0 204 360
0 205 269
1 205 274
1 205 341
0 206 226
0 206 347
0 207 277
0 207 368
1 208 241
0 208 388
0 209 224
0 209 277
0 209 312
0 209 332
0 209 384
1 210 392
0 211 241
0 211 275
0 211 323
0 212 367
0 212 370
0 212 393
0 214 256
0 214 271
0 214 319
0 214 345
0 215 288
0 216 234
0 216 394
0 217 394
0 219 277
0 220 304
0 220 351
0 221 264
1 221 265
1 221 312
0 222 236
0 222 302
0 223 378
0 224 341
0 225 231
0 225 258
0 225 269
0 225 310
0 226 257
0 226 317
1 227 242
0 228 325
0 228 373
0 228 383
0 229 290
0 229 336
0 230 394
0 231 274
1 231 317
0 231 394
0 232 261
0 232 267
0 232 309
0 232 345
0 232 346
0 234 240
1 237 275
0 237 360
0 237 390
1 240 305
0 240 359
1 241 375
0 241 385
0 241 391
1 242 365
0 243 293
0 243 307
0 244 319
0 244 380
0 245 249
0 245 290
0 246 299
0 247 305
0 249 269
0 251 345
0 251 359
1 251 382
1 252 294
0 252 388
0 253 273
0 253 274
0 253 298
0 254 262
0 254 334
0 255 381
0 256 348
1 257 281
0 257 283
0 257 313
0 257 383
0 258 281
0 258 349
0 259 288
0 259 292
0 259 329
0 261 363
0 263 291
0 264 338
0 266 294
0 266 380
0 267 312
0 268 271
0 268 303
0 268 326
0 269 363
1 270 352
0 270 399
0 271 300
0 273 281
0 273 286
1 273 363
0 275 287
0 278 369
0 278 389
0 279 318
0 280 341
0 280 343
0 283 325
0 283 330
0 283 339
0 288 315
0 290 346
0 291 339
0 292 345
0 293 392
0 294 318
0 295 307
0 295 313
0 295 321
0 295 355
0 296 330
0 296 338
0 296 381
0 297 344
0 299 356
0 300 314
1 300 363
0 300 367
0 301 309
1 301 317
1 302 337
0 302 359
0 303 324
1 303 353
0 304 389
0 305 316
0 306 308
0 306 364
0 307 373
0 307 377
0 308 355
0 308 363
0 309 320
0 310 335
0 311 314
0 313 350
0 313 351
0 315 376
0 320 342
0 323 334
0 325 358
0 326 387
0 328 349
0 329 378
0 331 384
0 332 379
0 337 388
0 339 379
0 343 350
1 344 370
0 344 379
0 348 398
0 357 390
0 359 373
0 362 394
0 363 392
0 364 370
0 364 388
0 370 388
0 374 399
0 400 439
0 400 448
1 400 566
0 401 490
1 402 439
0 402 534
0 402 540
0 402 550
0 403 454
0 403 475
0 403 476
0 403 527
0 403 594
0 403 597
1 404 435
0 404 452
0 404 506
1 404 530
0 404 535
0 407 515
0 407 555
0 408 497
0 408 525
0 408 576
0 409 440
0 409 513
0 410 478
0 410 543
0 411 517
0 411 530
0 411 569
0 412 432
0 412 501
0 414 515
0 414 558
0 416 519
0 416 576
0 418 522
0 420 430
0 420 512
0 422 423
0 422 482
1 424 591
0 425 443
0 425 445
0 426 436
0 426 519
0 427 506
0 428 449
0 428 454
0 428 531
0 429 549
0 430 568
0 431 520
0 431 526
0 432 501
0 433 450
0 433 482
0 434 465
0 434 473
0 434 544
0 435 556
0 435 578
0 437 482
0 438 540
0 438 599
0 439 538
0 439 549
0 440 498
0 440 579
0 442 451
0 442 549
0 443 498
0 443 504
0 443 553
0 444 468
0 444 514
0 445 495
0 445 554
1 446 495
0 446 507
0 446 556
0 447 479
0 447 550
0 448 518
0 449 471
0 449 573
0 451 520
0 452 455
0 452 458
0 453 509
0 453 555
0 454 556
0 455 554
0 458 459
0 458 480
0 458 503
1 460 497
0 460 520
0 460 535
0 460 579
0 460 599
0 461 548
0 465 513
0 465 523
0 466 545
0 468 561
0 468 595
1 470 552
0 471 514
0 471 538
0 471 595
0 472 521
0 472 558
0 472 568
0 473 486
0 473 528
0 473 554
0 474 572
0 474 577
0 476 536
0 477 582
0 479 566
0 479 569
0 480 590
0 481 537
1 481 598
0 484 548
0 485 574
0 487 592
0 489 577
0 489 585
0 490 529
0 491 536
0 492 553
0 493 527
1 494 579
0 496 536
0 498 574
0 500 516
0 500 591
0 501 520
0 503 513
0 508 570
0 510 580
1 510 588
0 510 597
0 511 584
0 512 547
1 515 562
0 517 584
0 518 527
0 520 552
1 521 575
0 522 528
0 522 542
0 522 554
0 523 532
0 523 539
0 524 594
0 530 538
0 531 572
1 534 548
0 535 583
0 536 581
0 537 584
0 538 594
1 539 546
0 540 562
0 541 557
0 545 567
0 546 565
1 548 549
0 548 557
0 548 574
0 551 575
1 551 580
1 553 583
0 555 583
0 556 585
0 569 585
0 572 574
0 577 589
0 582 583
0 582 597
0 589 595
0 592 594
0 600 617
0 601 665
0 601 669
0 601 707
0 602 746
0 604 632
0 604 706
0 604 780
0 605 683
0 605 754
0 605 773
0 605 782
1 606 789
0 606 794
0 606 796
0 608 628
0 608 786
0 609 661
1 609 675
0 609 737
0 610 671
0 611 708
0 611 718
0 612 613
0 612 650
0 613 678
0 613 684
0 614 705
0 614 762
0 615 771
0 618 762
0 621 720
1 622 712
0 622 730
1 622 751
0 623 702
0 623 754
0 624 763
0 626 631
0 626 681
1 626 684
0 628 653
0 628 677
0 628 763
0 628 778
0 629 674
0 629 779
0 629 797
1 630 719
0 630 750
0 632 726
0 633 682
1 634 704
0 636 689
0 636 719
0 637 725
0 638 729
1 639 696
0 640 653
1 641 713
0 641 750
0 642 660
0 642 777
1 643 703
0 643 784
0 646 675
0 646 724
0 646 748
0 646 778
0 647 681
0 648 720
0 649 657
0 650 749
1 652 705
0 652 781
0 652 786
0 653 786
0 654 709
0 654 742
0 655 700
0 655 752
0 655 763
0 656 706
0 656 721
0 656 735
0 657 760
0 657 780
0 657 796
0 658 670
0 658 783
0 659 732
0 659 771
0 661 778
0 662 680
0 663 758
1 665 688
0 665 728
0 666 682
0 666 753
0 667 763
0 669 772
0 670 691
0 671 798
1 672 740
0 672 751
1 673 726
0 674 710
0 675 691
0 675 733
0 676 788
0 677 704
0 680 702
0 680 727
0 683 696
0 685 697
0 685 725
0 685 737
0 686 773
0 687 711
0 688 735
0 689 748
0 690 704
0 692 694
0 693 727
0 695 709
0 695 763
0 695 799
0 696 732
0 696 771
1 696 783
0 698 720
0 699 708
0 699 794
0 700 711
0 701 750
1 703 735
1 704 749
0 704 783
0 706 727
0 706 758
0 708 723
0 709 716
0 709 717
0 709 762
0 709 763
0 710 769
0 712 726
0 712 740
0 712 742
0 713 731
0 713 785
0 716 740
0 717 724
1 718 724
0 718 744
0 722 741
0 722 753
0 724 759
0 725 763
0 727 777
0 727 778
0 728 755
0 729 737
0 730 745
0 730 755
0 733 759
0 734 792
0 736 760
0 737 744
0 737 754
1 739 768
0 741 757
0 742 776
0 742 782
0 743 762
0 744 797
0 745 756
0 753 795
0 756 793
0 762 786
0 764 794
0 767 770
0 767 778
0 767 782
0 777 787
0 780 788
1 781 799
0 800 810
0 800 912
0 800 959
0 800 978
0 800 987
0 801 803
0 801 827
0 801 832
0 802 838
0 802 908
0 802 921
0 803 973
0 804 810
0 804 819
0 804 947
1 804 981
0 805 824
0 806 913
0 807 935
0 807 945
1 807 958
1 808 852
0 808 917
0 808 928
0 808 930
0 809 977
0 809 998
0 810 963
0 811 951
0 813 945
0 813 948
1 815 901
0 816 842
0 817 856
1 817 977
0 818 876
0 819 874
0 820 828
0 820 904
0 820 926
0 822 873
0 822 974
0 822 997
0 823 898
0 824 855
0 824 860
0 824 926
0 824 994
1 825 866
0 827 886
0 828 870
0 829 891
0 830 977
0 831 882
1 831 884
0 833 859
0 833 870
0 833 901
0 833 963
1 834 855
0 834 858
1 835 905
0 835 949
0 836 874
0 836 875
1 837 955
0 838 861
0 838 890
0 839 888
0 839 957
0 840 904
0 841 849
1 842 843
0 842 935
1 842 953
0 842 970
1 845 878
0 845 895
0 845 944
0 845 956
0 845 960
0 848 858
0 848 875
0 848 935
0 848 956
0 848 974
0 849 876
0 849 951
0 851 919
0 852 879
0 853 956
0 854 904
0 854 968
0 856 898
1 857 864
0 858 899
0 858 939
0 858 967
0 861 864
0 861 968
0 862 952
0 863 915
0 866 921
0 867 918
0 870 908
1 872 894
1 872 943
0 872 989
0 875 878
1 876 995
0 877 987
0 877 995
0 879 907
0 879 971
0 880 996
0 881 892
0 881 947
0 882 915
0 882 981
0 883 973
0 884 931
0 884 951
1 885 886
0 886 945
0 886 952
0 887 961
0 887 998
0 888 983
0 892 909
0 892 989
0 893 950
0 894 903
0 894 998
0 895 980
0 896 939
0 898 930
0 898 932
0 898 961
0 900 929
0 901 903
0 901 907
0 902 909
1 902 942
0 902 995
0 903 916
0 903 966
0 905 995
0 907 990
1 908 953
0 909 965
0 909 983
0 910 976
0 912 948
0 913 966
1 914 964
0 914 969
0 916 990
0 919 990
0 923 933
0 924 947
0 925 985
0 926 932
0 927 984
0 928 998
0 929 934
0 930 962
0 931 974
0 932 971
0 934 976
0 935 942
0 935 984
0 939 960
0 941 984
0 943 944
0 944 947
0 944 998
0 952 953
1 953 960
0 953 965
0 955 970
0 958 994
1 960 988
0 961 972
0 963 974
0 971 985
0 979 995
50
81 83 86 87 92 93 97 100 102 104 108 111 113 115 117 118 119 120 122 124 125 129 130 134 136 140 141 144 148 152 158 160 165 166 168 169 174 177 178 180 182 183 184 185 186 191 193 195 196 198 