100
26 85 45 50 83 
60
180
33 2
17 3
51 2
10 0
47 1
21 1
41 0
23 4
38 2
16 4
37 1
8 0
5 0
16 3
26 1
48 1
50 1
14 1
33 2
21 3
3 1
8 1
49 0
5 2
54 4
1 0
28 4
52 2
13 3
0 2
23 3
15 1
36 3
42 2
5 2
41 0
29 4
55 3
13 0
20 0
35 1
54 4
27 1
48 4
44 1
18 3
19 3
37 1
29 0
9 1
18 4
48 4
58 2
0 1
3 4
1 3
23 1
21 3
4 1
8 4
37 4
44 2
6 2
20 2
27 2
26 0
9 4
59 0
29 3
54 3
45 0
21 2
4 2
15 4
18 0
48 4
44 4
47 2
17 4
13 2
1 0
27 1
5 1
33 2
3 2
40 2
15 1
41 1
58 4
51 2
13 3
48 0
50 3
50 2
27 2
24 4
35 4
42 1
30 4
12 1
59 2
15 2
23 2
56 1
23 1
51 4
50 3
27 0
22 2
55 1
44 2
20 4
10 4
52 1
36 1
2 4
45 2
31 4
59 4
9 2
33 2
53 0
32 3
42 1
32 4
56 3
21 0
51 4
1 4
0 4
40 2
25 4
33 1
55 2
30 1
51 0
24 0
10 2
55 1
18 1
41 1
50 4
9 4
3 4
45 2
12 2
21 0
50 3
28 0
1 0
5 1
47 1
18 3
10 1
8 3
40 4
28 1
57 4
48 2
17 2
4 4
18 3
23 3
36 2
17 2
55 2
11 2
53 2
13 2
45 2
22 0
23 3
41 4
45 3
55 3
13 1
20 3
20 1
11 0
46 4
8
20
100
0 40 170 0 1 0 
0 15 61 1 0 0 
0 55 32 0 0 1 
0 49 48 1 0 0 
0 44 132 0 1 1 
0 12 96 0 0 1 
0 7 113 0 1 0 
0 51 53 1 0 1 
0 36 70 0 0 1 
0 49 76 1 0 0 
0 47 2 0 0 1 
0 56 53 1 0 1 
0 2 40 0 0 1 
0 19 163 0 1 1 
0 6 197 0 0 1 
0 38 164 0 1 1 
0 10 188 1 0 0 
0 12 27 1 0 0 
0 48 157 1 0 0 
0 55 88 1 1 0 
0 18 23 1 1 0 
0 28 183 1 0 0 
1 25 180 1 1 0 
1 36 120 1 0 0 
0 40 42 0 1 1 
1 34 190 1 1 0 
0 14 177 0 1 0 
0 51 133 1 1 0 
1 12 4 0 1 1 
0 19 156 0 1 1 
0 47 86 1 0 0 
1 39 41 1 0 0 
1 1 59 0 0 1 
0 56 83 0 0 1 
1 20 126 0 0 1 
1 19 165 0 1 0 
1 56 182 1 0 0 
1 13 145 1 0 1 
0 47 182 0 1 1 
1 21 97 1 1 0 
1 22 172 1 1 0 
1 16 85 1 0 0 
1 31 145 0 1 1 
0 40 162 0 0 1 
0 2 41 0 1 0 
0 41 199 0 1 0 
0 52 181 0 0 1 
1 20 141 0 1 0 
1 54 15 0 1 1 
1 57 183 0 1 0 
1 54 189 0 1 0 
0 7 62 0 1 0 
0 8 105 1 1 0 
0 50 138 1 0 0 
0 50 167 0 1 1 
0 20 78 1 0 0 
1 16 71 1 1 0 
0 55 154 1 1 0 
1 50 93 1 0 0 
0 42 150 1 0 1 
1 7 55 1 0 0 
0 35 165 1 0 0 
0 32 15 0 1 1 
0 16 120 0 0 1 
0 28 97 1 0 1 
1 57 59 0 1 1 
1 33 93 0 1 1 
0 29 149 0 1 1 
1 59 160 0 0 1 
1 54 59 1 0 1 
1 27 79 0 0 1 
0 51 77 1 0 0 
1 55 174 1 1 0 
1 41 125 1 0 1 
0 41 183 0 1 1 
1 14 132 1 0 1 
0 18 118 0 0 1 
1 36 191 1 0 1 
0 32 180 0 0 1 
1 28 73 1 0 0 
1 38 25 1 0 0 
0 6 98 0 1 1 
0 35 31 1 0 0 
1 12 24 1 0 0 
0 48 187 1 0 0 
0 27 116 0 1 0 
0 58 87 0 0 1 
0 29 39 1 1 0 
1 39 14 0 1 0 
1 32 70 0 1 1 
1 16 167 1 1 0 
0 42 139 1 0 0 
1 24 36 1 0 1 
0 46 157 0 1 0 
1 55 116 0 0 1 
1 50 194 1 0 0 
0 1 87 1 1 0 
1 22 27 0 1 0 
0 48 10 0 1 1 
0 23 48 0 1 1 
200
1 2830499 78013995 1891184 13147901 43351399 
2 54293790 65320581 11040306 43224398 91735843 
2 57821085 97257705 75772511 51172668 12631228 
2 45204947 94902846 92703620 93820393 85837719 
1 60100818 58852125 44846523 43285654 94040426 
0 48818110 8562097 86750107 35546056 73238910 
0 24491601 38476533 60417059 91693572 11415548 
1 37711420 56286064 41628384 16395197 38723628 
1 36243016 8883925 19066440 82262110 76049663 
1 55662882 83580933 31015433 7191768 34321876 
2 29001133 73553 54385076 98138397 91972534 
1 66729236 73518797 73449170 29610021 68455700 
2 9128405 51470462 18788481 74923514 49904859 
1 4631670 97252477 40345780 45694938 40835779 
1 40216371 6965895 4322766 35244533 44441511 
1 76524309 79207209 6998044 4919652 58682395 
1 43247022 91390931 35365596 16243555 8386716 
0 36592356 73283809 56681219 18366666 6701710 
0 58878286 59202333 22137362 72953370 12860087 
2 39677285 69197383 87254791 89977190 28548328 
0 6142521 6370635 39670625 8882385 82518812 
2 244617 28436897 61188936 16674786 79811732 
2 54367027 31033829 98210741 68127305 45368419 
2 92754231 3462746 90122939 12622840 71898643 
1 63841561 60788355 92108669 9531879 16428027 
1 34539446 34346737 15752120 68570737 536078 
1 42270485 69078149 23462252 2572473 19935086 
0 40766633 26945984 94491614 301639 19778951 
1 26664058 94570221 83233286 47804449 18519400 
2 45337705 71320358 11291567 80049407 50610446 
0 67267725 25317442 25784213 80101026 29918921 
1 41606874 33155835 65413997 97182360 38950936 
1 34491808 19592376 56877456 47868283 20152625 
1 42183436 7622993 34553122 50623391 35370422 
0 82997834 46155026 49352104 79184146 79046848 
2 70862156 39796209 90145240 41397831 45817189 
1 21735339 41960448 83566321 78873444 25442059 
2 35614062 46023963 30083686 84980373 48312758 
2 2671606 23597027 76513758 81707250 62442600 
1 2899066 10735206 70320227 5923844 434673 
0 65584814 10659640 65696272 20118499 33694500 
2 8950528 9772000 19743009 17038122 34547977 
2 22293097 22007334 27162400 34116948 4785990 
1 58948795 97084088 70146745 48944202 18896765 
0 2038001 67640534 47443955 42008585 86140903 
0 88160338 45525776 45661070 54124749 44411121 
1 70936850 58755488 78148148 81962497 92631362 
2 20208215 79603418 21836242 36209952 597929 
1 6718339 69244990 18963721 89272728 16359952 
0 79752910 93935043 63235062 48121452 10427185 
0 9357731 10180979 87724324 91637568 10169548 
0 21523431 28279956 49622792 70159125 17546701 
2 7885316 38781425 89304245 13375475 83657201 
2 50981556 18996380 55239532 96976146 48052107 
1 15822333 11062632 95034351 96760809 64707662 
0 77235955 8381946 84240757 36050807 79888915 
2 41330866 70409208 45873180 26213446 92166404 
1 91171159 31058657 56225481 63006914 29329787 
0 71651420 51107200 91830900 17023659 3832018 
0 40897736 78508331 24146321 72953044 92060886 
0 67375283 41724044 44749874 4967671 22780850 
2 70339735 20422361 47954409 22641300 52599347 
2 29608133 35013564 81721245 68478107 70494966 
0 11287704 27915085 70097930 58855604 30012223 
0 41549731 75209991 9510400 37659725 52640356 
0 61744543 13203046 25632805 61953039 81252055 
2 75236781 10898474 87334857 80477950 75999757 
2 33723095 46216135 77054436 29155989 11919647 
1 71400799 72837393 37767225 37578591 89674953 
1 94553058 76697828 80005137 27544007 60780283 
2 36934124 97303345 96133500 16548697 6009240 
2 69064658 54995902 50530259 43340329 86625288 
1 19568913 35480068 55898878 74297921 61046631 
1 57483601 61253187 95398520 84158009 44470363 
0 74333410 53174302 77087819 26359480 48183525 
2 46697105 6095826 19930837 8196300 92679857 
2 47928445 4208801 78524398 72131180 14759269 
2 78344671 35020640 91751830 40015331 78160859 
0 46766824 87929840 64956419 93489980 66211846 
1 24505839 65888795 44828949 5092938 58298761 
1 41663627 94250231 45812850 95474028 81606809 
1 24465464 22426026 59543446 86969512 29123775 
2 13181179 94539362 7851801 16526056 80770039 
1 71508728 58207072 47163132 7436496 48217754 
2 46633238 54356369 19854664 72569550 27057870 
0 71397822 10772723 14542412 70007396 80662828 
1 62724005 42137912 48524888 15038382 28381960 
0 18844549 95040920 62900890 63622192 23477153 
1 94159861 42111456 93152591 24465481 40935000 
1 733894 57901460 75281973 35578572 79124704 
0 17604397 98550731 70215879 9288374 22109842 
2 77489427 12778660 18173237 29723226 96785260 
0 40613704 42659305 91769747 30928684 91478235 
0 11280914 76762566 25015981 65628553 39426095 
2 82543104 41540312 96029657 68315119 41527000 
0 526314 17606731 84372784 70638105 76810100 
1 66910214 17066032 91283865 92077577 84233816 
0 76068751 44495421 72924785 71821461 62554944 
0 81827679 77911174 87001305 29500633 47889723 
0 16215916 24249975 23690271 98348043 2451645 
1 36988357 54760678 5182701 14916513 14644603 
2 1791313 42788102 98677845 56859350 77623174 
2 97277004 25031351 31630229 15964562 41306531 
2 16980410 64711087 37589545 53881828 77402091 
1 55847626 30711375 40612074 34285840 10535970 
2 45797836 31391652 96330823 50228219 62611330 
2 38550960 72700818 2377035 26910240 99517739 
2 38130831 44846038 34826911 66574821 70850214 
1 88595793 28876919 60685770 19862842 9547822 
2 38054486 34504039 90721669 59294356 80143032 
2 75256270 31786831 61998802 51231742 86452749 
1 96285783 6057251 78441435 7383192 84866865 
2 56085791 67126038 49382896 19998583 91499919 
1 59470299 36439566 44295964 29293686 90208752 
0 45553902 32424770 39758859 50348779 8284366 
2 29221263 68079714 96657500 84381134 17335366 
1 31306566 366785 89021298 67983739 90380939 
1 78771680 19568798 69524386 49737294 49669807 
2 51073603 39286315 51664775 81758448 540843 
2 61247843 1675883 86209056 72300764 77071158 
2 23770425 40670548 60684523 37996425 85522767 
0 54621115 49797762 42556469 1495429 74255606 
0 87846686 97984702 90385787 33321393 22782532 
0 84714883 4599264 51329602 92381202 19608127 
1 80053266 87862173 64254849 92504537 79166394 
0 50845714 13685988 6666932 54043477 85238075 
2 40802647 446319 57568994 73630198 2935944 
0 57812294 58732076 36425429 43796606 289326 
1 73607712 27145803 37709362 14286920 83513446 
1 52192403 94529356 32744766 31640361 63586726 
1 694777 10900608 17737713 99782010 22562530 
2 9892099 24758201 45873409 15348192 2687030 
0 55603381 84257303 61158244 73475648 85314809 
1 15991283 85983096 94497002 59790651 85944207 
1 68058157 18619982 41221825 82542836 39795107 
1 10398380 93161074 48763741 56271598 98662673 
0 24783407 21087538 74725805 83046375 17564844 
1 21882154 44444028 28460742 56278377 38987061 
0 66656618 79972825 15671353 49380196 82169008 
2 40562861 66145402 67422093 50565323 43674710 
0 64821062 49751792 20327136 11651468 48443161 
2 12436462 26833436 53586194 98647897 18274496 
0 31257564 69158547 54710330 19401120 94377069 
2 72945670 55379499 34491678 80028866 64175386 
0 30763670 8345011 72095834 88861520 53409354 
2 72190318 54416743 36073919 78534606 29847419 
0 17446931 31563628 60142864 52500768 69551850 
2 43372453 55943763 97965726 3423816 40894923 
1 27031917 65144603 42443148 43243026 60304128 
2 10568017 75376277 1614628 90696266 9474123 
2 3978478 68806427 80489238 85552904 7341389 
0 88577030 38865579 23590912 75216690 13058378 
0 19511255 40451436 36642250 51542430 21166914 
2 47646704 19977763 5026304 37574118 42707061 
1 68082888 71506607 3534760 4676980 99564161 
0 805134 75077017 48868656 49841972 2825289 
0 38549224 61068097 75041364 70937879 87065383 
2 34257872 66373933 2936502 20930927 94401934 
1 86615778 23781463 48710223 13635337 81781278 
0 19418405 43011625 21475571 98378652 51956453 
0 12517962 54343792 93217699 58152866 1769958 
2 97990499 1830156 38456005 49756099 57239492 
0 65954065 56808816 10970665 78836665 73564057 
0 15721364 50095174 84953602 23742029 2023044 
0 15623176 93849406 63946230 43015765 37626396 
0 5838337 19708978 69573255 58600044 97639501 
2 58486953 98991309 28924568 38934487 40008622 
1 96214303 8419646 10572904 78144767 54218994 
1 97031066 93120709 22213150 1989472 99918173 
0 27572003 12548420 22404140 67494011 74747180 
2 46225322 61955403 1947180 11266908 12832523 
2 33240548 11683958 668697 69225142 10772919 
1 73886515 26295715 66656135 31247483 13170175 
0 14110944 4546679 94748662 80192680 28011309 
0 3950378 92960150 74783187 92241530 3047999 
2 84961139 84116331 33920980 63529601 20462525 
1 24088136 52870886 55456904 21261712 57612067 
1 1312938 30130989 78284728 52780456 25404184 
1 90793476 77589303 60290625 28616287 87570659 
2 19542832 28232682 43927356 39501686 91826464 
0 50535522 35205429 98305773 14209195 74875398 
0 34110538 65055952 90924938 82878159 29598009 
2 59004352 53563615 56962971 45739084 47243015 
1 15361254 89629585 63660851 99248107 24093270 
0 90794021 92990272 55569347 38056224 30945928 
0 73471002 79585775 29757135 34983911 1080852 
0 52725443 13629432 70675816 42927064 44581857 
2 35827374 43772039 61736567 16076023 55863681 
2 10261666 34425707 24708453 9806587 77503227 
2 41534340 89261976 75282282 30061393 38332001 
2 21473208 80064106 97458874 95351166 72162738 
2 4924928 71730041 43931777 43081770 23846929 
1 59841755 72209335 1224645 55888302 20586286 
1 25217209 35648758 43608382 48572763 77768015 
1 52225088 92476844 70560153 53065838 67984377 
0 1476887 53617622 75391387 87236233 56824222 
2 14540949 14275569 44312828 67886071 11734459 
2 27163571 61744684 29601508 58595042 49595128 
2 87329494 38404877 82200753 48180883 42586589 
2 61951115 55935820 58889792 30589902 93379078 
517
0 0 4
0 0 11
0 0 25
0 0 28
0 0 40
0 0 65
0 0 79
0 1 17
0 1 41
0 1 45
0 1 51
0 2 12
0 2 20
0 2 59
0 2 71
0 3 5
0 3 43
0 3 75
0 4 25
0 4 33
0 4 41
0 4 47
0 4 57
0 4 64
1 5 21
0 5 26
0 5 35
0 5 64
0 6 9
0 6 37
0 6 48
0 6 53
0 6 79
0 7 14
0 7 42
0 7 46
0 7 49
0 7 62
0 8 16
0 8 48
0 8 56
0 8 58
0 8 62
0 9 11
0 10 22
0 10 40
0 10 41
0 10 45
0 10 51
0 11 29
0 11 60
0 11 69
0 11 75
0 12 25
0 12 38
0 12 45
0 12 54
0 12 55
0 13 20
0 13 21
0 13 47
0 13 69
0 13 73
0 14 22
0 14 52
0 15 22
0 15 31
0 15 69
0 16 41
0 16 46
0 16 70
0 17 22
0 17 26
0 17 32
0 17 41
0 17 49
0 17 65
0 17 67
0 18 34
0 18 51
0 18 53
0 18 58
0 18 74
0 19 56
0 19 72
0 20 67
0 21 59
0 21 77
0 22 34
0 22 35
0 22 38
0 22 46
0 22 48
0 22 53
0 23 46
0 23 71
0 24 35
0 24 61
0 24 76
0 25 40
0 26 29
0 26 65
1 26 67
0 27 34
0 27 41
0 27 45
0 27 51
0 27 68
0 28 39
0 28 57
0 28 58
0 29 46
0 29 47
0 29 58
0 29 62
0 29 75
0 30 55
0 30 58
0 30 60
0 30 68
1 31 56
0 32 33
0 32 48
0 32 72
0 32 76
0 33 65
0 33 66
0 33 75
0 34 44
0 34 45
0 34 71
0 35 52
0 35 53
0 35 62
0 35 66
0 35 67
0 36 48
0 36 66
0 36 74
0 38 48
0 38 64
0 38 72
0 39 73
0 40 50
0 40 51
0 40 52
0 41 47
0 42 55
0 42 75
0 43 47
0 44 57
0 44 73
0 44 76
0 45 54
0 45 78
0 46 47
0 46 49
0 46 58
0 47 63
0 47 71
0 48 66
0 49 72
0 50 51
0 50 76
0 51 52
0 51 53
0 51 69
0 51 78
1 52 53
0 52 62
0 52 63
0 53 54
0 53 74
0 54 55
0 54 68
0 54 70
0 54 78
0 55 56
0 56 57
0 56 65
0 56 66
0 57 58
0 58 59
0 58 71
0 59 60
0 60 61
0 60 67
0 60 69
0 60 79
0 61 62
0 62 63
0 62 79
1 63 64
1 63 71
0 64 65
0 65 66
0 66 67
0 66 79
0 67 68
0 68 69
0 68 75
0 69 70
0 69 79
0 70 71
0 70 73
0 71 72
0 71 75
1 72 73
0 73 74
0 74 75
0 75 76
0 75 78
0 76 77
0 77 78
0 78 79
0 79 80
0 80 81
0 80 90
0 80 91
0 80 117
0 80 134
0 80 136
0 80 150
0 81 82
0 81 83
0 81 135
0 81 139
0 81 150
0 81 157
0 82 83
0 82 93
0 82 97
0 82 124
0 82 149
0 83 84
0 83 88
0 83 105
0 83 106
0 83 110
0 83 121
0 83 122
0 83 125
0 83 126
0 83 131
0 83 142
0 83 145
0 83 148
0 83 159
0 84 85
0 84 87
0 84 126
0 84 135
0 84 147
0 85 86
0 85 93
0 85 101
0 85 108
0 85 117
0 85 134
0 85 140
0 85 159
0 86 87
0 86 133
0 86 134
0 86 147
0 87 88
0 87 116
0 87 139
0 87 141
0 87 148
0 87 153
0 87 156
0 88 89
0 88 113
0 88 151
0 89 90
0 89 99
0 89 157
0 90 91
0 90 100
0 90 122
0 90 130
0 90 136
0 91 92
0 91 94
0 91 97
0 91 99
0 91 101
0 91 124
0 91 132
1 91 134
0 91 150
0 91 158
0 92 93
0 92 94
0 92 99
0 92 101
0 92 103
0 92 116
0 92 126
0 92 129
0 92 152
0 93 94
0 93 99
0 93 128
0 93 136
1 93 148
0 94 95
0 94 106
0 94 122
0 94 130
0 94 131
0 94 133
0 95 96
0 95 108
0 95 133
0 96 97
0 96 115
0 96 119
0 96 120
0 96 121
0 96 129
0 96 133
0 96 137
0 96 142
0 97 98
0 97 101
0 97 108
0 97 144
1 98 99
0 98 105
0 98 121
0 98 131
0 98 147
0 98 156
0 99 100
0 99 103
0 99 132
0 99 140
0 99 149
0 100 106
0 100 118
0 100 157
0 101 106
0 101 107
1 101 108
0 101 117
0 101 124
0 101 128
0 102 123
0 102 141
0 102 145
0 103 107
0 103 148
0 103 153
0 103 156
0 104 120
0 104 134
0 104 154
0 104 159
0 105 112
0 105 122
0 105 124
1 105 158
0 106 110
0 106 131
0 106 154
0 107 117
0 107 134
0 107 138
0 107 139
0 107 141
0 107 148
0 108 122
0 108 148
0 109 111
0 109 119
0 109 120
0 109 121
0 109 126
0 109 136
0 109 147
0 109 149
0 109 156
0 110 111
0 110 151
0 110 153
0 111 119
0 111 121
0 111 124
0 111 134
0 112 139
0 113 115
0 113 125
0 114 123
0 115 117
0 115 146
0 115 147
0 115 150
0 115 152
0 116 128
0 117 128
0 117 146
0 118 119
0 118 128
0 118 135
0 118 136
0 118 142
0 118 156
0 119 139
0 119 147
0 119 156
0 120 137
0 120 139
0 121 122
0 121 154
0 122 138
0 122 142
0 123 142
0 124 135
0 124 152
0 125 128
0 125 143
0 125 144
0 126 128
0 126 151
0 127 151
0 127 152
0 128 132
0 129 152
0 130 134
0 130 143
0 130 153
0 131 134
0 131 139
0 131 153
0 132 152
0 132 155
0 134 155
0 135 137
0 136 147
0 137 138
0 137 147
0 138 144
0 138 148
1 138 158
0 139 146
0 140 142
0 140 143
0 141 153
0 141 156
0 141 157
0 142 145
0 143 147
0 146 154
0 147 157
0 148 152
0 148 153
0 149 156
0 160 162
0 160 167
0 160 184
0 161 175
0 161 188
0 162 163
0 162 176
0 163 189
0 163 195
0 164 175
0 165 166
0 165 169
0 165 174
0 165 184
0 165 188
0 165 193
0 165 199
0 166 175
0 167 182
0 167 187
0 167 190
1 168 185
0 168 192
0 168 194
0 169 180
0 169 184
0 172 173
0 172 178
0 172 184
0 172 192
0 172 194
0 173 175
0 173 193
0 173 195
0 174 178
0 174 191
0 174 198
0 174 199
0 175 197
0 176 186
0 176 192
0 176 195
0 177 180
0 178 181
0 179 199
0 181 187
0 182 183
0 183 187
0 183 192
0 184 198
0 185 191
0 187 190
0 187 194
0 189 192
0 191 199
0 192 195
0 192 196
0 196 199
50
162 164 168 171 173 177 178 181 182 184 185 189 190 192 194 195 196 198 199 201 203 205 207 208 209 210 212 213 214 215 216 223 229 234 248 253 261 265 272 275 278 283 293 302 307 313 316 325 329 335 